% Source Destination PIR
0 1 0.000793651
0 2 0.000793651
0 3 0.000793651
0 4 0.000793651
0 5 0.000793651
0 6 0.000793651
0 7 0.000793651
0 8 0.000793651
0 9 0.000793651
0 10 0.000793651
0 11 0.000793651
0 12 0.000793651
0 13 0.000793651
0 14 0.000793651
0 15 0.000793651
0 16 0.000793651
0 17 0.000793651
0 18 0.000793651
0 19 0.000793651
0 20 0.000793651
0 21 0.000793651
0 22 0.000793651
0 23 0.000793651
0 24 0.000793651
0 25 0.000793651
0 26 0.000793651
0 27 0.000793651
0 28 0.000793651
0 29 0.000793651
0 30 0.000793651
0 31 0.000793651
0 32 0.000793651
0 33 0.000793651
0 34 0.000793651
0 35 0.000793651
0 36 0.000793651
0 37 0.000793651
0 38 0.000793651
0 39 0.000793651
0 40 0.000793651
0 41 0.000793651
0 42 0.000793651
0 43 0.000793651
0 44 0.000793651
0 45 0.000793651
0 46 0.000793651
0 47 0.000793651
0 48 0.000793651
0 49 0.000793651
0 50 0.000793651
0 51 0.000793651
0 52 0.000793651
0 53 0.000793651
0 54 0.000793651
0 55 0.000793651
0 56 0.000793651
0 57 0.000793651
0 58 0.000793651
0 59 0.000793651
0 60 0.000793651
0 61 0.000793651
0 62 0.000793651
0 63 0.000793651
1 0 0.000793651
1 2 0.000793651
1 3 0.000793651
1 4 0.000793651
1 5 0.000793651
1 6 0.000793651
1 7 0.000793651
1 8 0.000793651
1 9 0.000793651
1 10 0.000793651
1 11 0.000793651
1 12 0.000793651
1 13 0.000793651
1 14 0.000793651
1 15 0.000793651
1 16 0.000793651
1 17 0.000793651
1 18 0.000793651
1 19 0.000793651
1 20 0.000793651
1 21 0.000793651
1 22 0.000793651
1 23 0.000793651
1 24 0.000793651
1 25 0.000793651
1 26 0.000793651
1 27 0.000793651
1 28 0.000793651
1 29 0.000793651
1 30 0.000793651
1 31 0.000793651
1 32 0.000793651
1 33 0.000793651
1 34 0.000793651
1 35 0.000793651
1 36 0.000793651
1 37 0.000793651
1 38 0.000793651
1 39 0.000793651
1 40 0.000793651
1 41 0.000793651
1 42 0.000793651
1 43 0.000793651
1 44 0.000793651
1 45 0.000793651
1 46 0.000793651
1 47 0.000793651
1 48 0.000793651
1 49 0.000793651
1 50 0.000793651
1 51 0.000793651
1 52 0.000793651
1 53 0.000793651
1 54 0.000793651
1 55 0.000793651
1 56 0.000793651
1 57 0.000793651
1 58 0.000793651
1 59 0.000793651
1 60 0.000793651
1 61 0.000793651
1 62 0.000793651
1 63 0.000793651
8 0 0.000793651
8 1 0.000793651
8 2 0.000793651
8 3 0.000793651
8 4 0.000793651
8 5 0.000793651
8 6 0.000793651
8 7 0.000793651
8 9 0.000793651
8 10 0.000793651
8 11 0.000793651
8 12 0.000793651
8 13 0.000793651
8 14 0.000793651
8 15 0.000793651
8 16 0.000793651
8 17 0.000793651
8 18 0.000793651
8 19 0.000793651
8 20 0.000793651
8 21 0.000793651
8 22 0.000793651
8 23 0.000793651
8 24 0.000793651
8 25 0.000793651
8 26 0.000793651
8 27 0.000793651
8 28 0.000793651
8 29 0.000793651
8 30 0.000793651
8 31 0.000793651
8 32 0.000793651
8 33 0.000793651
8 34 0.000793651
8 35 0.000793651
8 36 0.000793651
8 37 0.000793651
8 38 0.000793651
8 39 0.000793651
8 40 0.000793651
8 41 0.000793651
8 42 0.000793651
8 43 0.000793651
8 44 0.000793651
8 45 0.000793651
8 46 0.000793651
8 47 0.000793651
8 48 0.000793651
8 49 0.000793651
8 50 0.000793651
8 51 0.000793651
8 52 0.000793651
8 53 0.000793651
8 54 0.000793651
8 55 0.000793651
8 56 0.000793651
8 57 0.000793651
8 58 0.000793651
8 59 0.000793651
8 60 0.000793651
8 61 0.000793651
8 62 0.000793651
8 63 0.000793651
9 0 0.000793651
9 1 0.000793651
9 2 0.000793651
9 3 0.000793651
9 4 0.000793651
9 5 0.000793651
9 6 0.000793651
9 7 0.000793651
9 8 0.000793651
9 10 0.000793651
9 11 0.000793651
9 12 0.000793651
9 13 0.000793651
9 14 0.000793651
9 15 0.000793651
9 16 0.000793651
9 17 0.000793651
9 18 0.000793651
9 19 0.000793651
9 20 0.000793651
9 21 0.000793651
9 22 0.000793651
9 23 0.000793651
9 24 0.000793651
9 25 0.000793651
9 26 0.000793651
9 27 0.000793651
9 28 0.000793651
9 29 0.000793651
9 30 0.000793651
9 31 0.000793651
9 32 0.000793651
9 33 0.000793651
9 34 0.000793651
9 35 0.000793651
9 36 0.000793651
9 37 0.000793651
9 38 0.000793651
9 39 0.000793651
9 40 0.000793651
9 41 0.000793651
9 42 0.000793651
9 43 0.000793651
9 44 0.000793651
9 45 0.000793651
9 46 0.000793651
9 47 0.000793651
9 48 0.000793651
9 49 0.000793651
9 50 0.000793651
9 51 0.000793651
9 52 0.000793651
9 53 0.000793651
9 54 0.000793651
9 55 0.000793651
9 56 0.000793651
9 57 0.000793651
9 58 0.000793651
9 59 0.000793651
9 60 0.000793651
9 61 0.000793651
9 62 0.000793651
9 63 0.000793651
