# src	dest	pir
0	1	0.020000
0	2	0.008706
0	3	0.005352
0	4	0.003789
0	5	0.002899
0	6	0.002329
0	7	0.001936
0	8	0.020000
0	9	0.008706
0	10	0.005352
0	11	0.003789
0	12	0.002899
0	13	0.002329
0	14	0.001936
0	15	0.001649
0	16	0.008706
0	17	0.005352
0	18	0.003789
0	19	0.002899
0	20	0.002329
0	21	0.001936
0	22	0.001649
0	23	0.001432
0	24	0.005352
0	25	0.003789
0	26	0.002899
0	27	0.002329
0	28	0.001936
0	29	0.001649
0	30	0.001432
0	31	0.001262
0	32	0.003789
0	33	0.002899
0	34	0.002329
0	35	0.001936
0	36	0.001649
0	37	0.001432
0	38	0.001262
0	39	0.001126
0	40	0.002899
0	41	0.002329
0	42	0.001936
0	43	0.001649
0	44	0.001432
0	45	0.001262
0	46	0.001126
0	47	0.001014
0	48	0.002329
0	49	0.001936
0	50	0.001649
0	51	0.001432
0	52	0.001262
0	53	0.001126
0	54	0.001014
0	55	0.000921
0	56	0.001936
0	57	0.001649
0	58	0.001432
0	59	0.001262
0	60	0.001126
0	61	0.001014
0	62	0.000921
0	63	0.000843
1	0	0.005000
1	2	0.005000
1	3	0.002176
1	4	0.001338
1	5	0.000947
1	6	0.000725
1	7	0.000582
1	8	0.002176
1	9	0.005000
1	10	0.002176
1	11	0.001338
1	12	0.000947
1	13	0.000725
1	14	0.000582
1	15	0.000484
1	16	0.001338
1	17	0.002176
1	18	0.001338
1	19	0.000947
1	20	0.000725
1	21	0.000582
1	22	0.000484
1	23	0.000412
1	24	0.000947
1	25	0.001338
1	26	0.000947
1	27	0.000725
1	28	0.000582
1	29	0.000484
1	30	0.000412
1	31	0.000358
1	32	0.000725
1	33	0.000947
1	34	0.000725
1	35	0.000582
1	36	0.000484
1	37	0.000412
1	38	0.000358
1	39	0.000315
1	40	0.000582
1	41	0.000725
1	42	0.000582
1	43	0.000484
1	44	0.000412
1	45	0.000358
1	46	0.000315
1	47	0.000281
1	48	0.000484
1	49	0.000582
1	50	0.000484
1	51	0.000412
1	52	0.000358
1	53	0.000315
1	54	0.000281
1	55	0.000253
1	56	0.000412
1	57	0.000484
1	58	0.000412
1	59	0.000358
1	60	0.000315
1	61	0.000281
1	62	0.000253
1	63	0.000230
2	0	0.002176
2	1	0.005000
2	3	0.005000
2	4	0.002176
2	5	0.001338
2	6	0.000947
2	7	0.000725
2	8	0.001338
2	9	0.002176
2	10	0.005000
2	11	0.002176
2	12	0.001338
2	13	0.000947
2	14	0.000725
2	15	0.000582
2	16	0.000947
2	17	0.001338
2	18	0.002176
2	19	0.001338
2	20	0.000947
2	21	0.000725
2	22	0.000582
2	23	0.000484
2	24	0.000725
2	25	0.000947
2	26	0.001338
2	27	0.000947
2	28	0.000725
2	29	0.000582
2	30	0.000484
2	31	0.000412
2	32	0.000582
2	33	0.000725
2	34	0.000947
2	35	0.000725
2	36	0.000582
2	37	0.000484
2	38	0.000412
2	39	0.000358
2	40	0.000484
2	41	0.000582
2	42	0.000725
2	43	0.000582
2	44	0.000484
2	45	0.000412
2	46	0.000358
2	47	0.000315
2	48	0.000412
2	49	0.000484
2	50	0.000582
2	51	0.000484
2	52	0.000412
2	53	0.000358
2	54	0.000315
2	55	0.000281
2	56	0.000358
2	57	0.000412
2	58	0.000484
2	59	0.000412
2	60	0.000358
2	61	0.000315
2	62	0.000281
2	63	0.000253
3	0	0.001338
3	1	0.002176
3	2	0.005000
3	4	0.005000
3	5	0.002176
3	6	0.001338
3	7	0.000947
3	8	0.000947
3	9	0.001338
3	10	0.002176
3	11	0.005000
3	12	0.002176
3	13	0.001338
3	14	0.000947
3	15	0.000725
3	16	0.000725
3	17	0.000947
3	18	0.001338
3	19	0.002176
3	20	0.001338
3	21	0.000947
3	22	0.000725
3	23	0.000582
3	24	0.000582
3	25	0.000725
3	26	0.000947
3	27	0.001338
3	28	0.000947
3	29	0.000725
3	30	0.000582
3	31	0.000484
3	32	0.000484
3	33	0.000582
3	34	0.000725
3	35	0.000947
3	36	0.000725
3	37	0.000582
3	38	0.000484
3	39	0.000412
3	40	0.000412
3	41	0.000484
3	42	0.000582
3	43	0.000725
3	44	0.000582
3	45	0.000484
3	46	0.000412
3	47	0.000358
3	48	0.000358
3	49	0.000412
3	50	0.000484
3	51	0.000582
3	52	0.000484
3	53	0.000412
3	54	0.000358
3	55	0.000315
3	56	0.000315
3	57	0.000358
3	58	0.000412
3	59	0.000484
3	60	0.000412
3	61	0.000358
3	62	0.000315
3	63	0.000281
4	0	0.000947
4	1	0.001338
4	2	0.002176
4	3	0.005000
4	5	0.005000
4	6	0.002176
4	7	0.001338
4	8	0.000725
4	9	0.000947
4	10	0.001338
4	11	0.002176
4	12	0.005000
4	13	0.002176
4	14	0.001338
4	15	0.000947
4	16	0.000582
4	17	0.000725
4	18	0.000947
4	19	0.001338
4	20	0.002176
4	21	0.001338
4	22	0.000947
4	23	0.000725
4	24	0.000484
4	25	0.000582
4	26	0.000725
4	27	0.000947
4	28	0.001338
4	29	0.000947
4	30	0.000725
4	31	0.000582
4	32	0.000412
4	33	0.000484
4	34	0.000582
4	35	0.000725
4	36	0.000947
4	37	0.000725
4	38	0.000582
4	39	0.000484
4	40	0.000358
4	41	0.000412
4	42	0.000484
4	43	0.000582
4	44	0.000725
4	45	0.000582
4	46	0.000484
4	47	0.000412
4	48	0.000315
4	49	0.000358
4	50	0.000412
4	51	0.000484
4	52	0.000582
4	53	0.000484
4	54	0.000412
4	55	0.000358
4	56	0.000281
4	57	0.000315
4	58	0.000358
4	59	0.000412
4	60	0.000484
4	61	0.000412
4	62	0.000358
4	63	0.000315
5	0	0.000725
5	1	0.000947
5	2	0.001338
5	3	0.002176
5	4	0.005000
5	6	0.005000
5	7	0.002176
5	8	0.000582
5	9	0.000725
5	10	0.000947
5	11	0.001338
5	12	0.002176
5	13	0.005000
5	14	0.002176
5	15	0.001338
5	16	0.000484
5	17	0.000582
5	18	0.000725
5	19	0.000947
5	20	0.001338
5	21	0.002176
5	22	0.001338
5	23	0.000947
5	24	0.000412
5	25	0.000484
5	26	0.000582
5	27	0.000725
5	28	0.000947
5	29	0.001338
5	30	0.000947
5	31	0.000725
5	32	0.000358
5	33	0.000412
5	34	0.000484
5	35	0.000582
5	36	0.000725
5	37	0.000947
5	38	0.000725
5	39	0.000582
5	40	0.000315
5	41	0.000358
5	42	0.000412
5	43	0.000484
5	44	0.000582
5	45	0.000725
5	46	0.000582
5	47	0.000484
5	48	0.000281
5	49	0.000315
5	50	0.000358
5	51	0.000412
5	52	0.000484
5	53	0.000582
5	54	0.000484
5	55	0.000412
5	56	0.000253
5	57	0.000281
5	58	0.000315
5	59	0.000358
5	60	0.000412
5	61	0.000484
5	62	0.000412
5	63	0.000358
6	0	0.000582
6	1	0.000725
6	2	0.000947
6	3	0.001338
6	4	0.002176
6	5	0.005000
6	7	0.005000
6	8	0.000484
6	9	0.000582
6	10	0.000725
6	11	0.000947
6	12	0.001338
6	13	0.002176
6	14	0.005000
6	15	0.002176
6	16	0.000412
6	17	0.000484
6	18	0.000582
6	19	0.000725
6	20	0.000947
6	21	0.001338
6	22	0.002176
6	23	0.001338
6	24	0.000358
6	25	0.000412
6	26	0.000484
6	27	0.000582
6	28	0.000725
6	29	0.000947
6	30	0.001338
6	31	0.000947
6	32	0.000315
6	33	0.000358
6	34	0.000412
6	35	0.000484
6	36	0.000582
6	37	0.000725
6	38	0.000947
6	39	0.000725
6	40	0.000281
6	41	0.000315
6	42	0.000358
6	43	0.000412
6	44	0.000484
6	45	0.000582
6	46	0.000725
6	47	0.000582
6	48	0.000253
6	49	0.000281
6	50	0.000315
6	51	0.000358
6	52	0.000412
6	53	0.000484
6	54	0.000582
6	55	0.000484
6	56	0.000230
6	57	0.000253
6	58	0.000281
6	59	0.000315
6	60	0.000358
6	61	0.000412
6	62	0.000484
6	63	0.000412
7	0	0.000484
7	1	0.000582
7	2	0.000725
7	3	0.000947
7	4	0.001338
7	5	0.002176
7	6	0.005000
7	8	0.000412
7	9	0.000484
7	10	0.000582
7	11	0.000725
7	12	0.000947
7	13	0.001338
7	14	0.002176
7	15	0.005000
7	16	0.000358
7	17	0.000412
7	18	0.000484
7	19	0.000582
7	20	0.000725
7	21	0.000947
7	22	0.001338
7	23	0.002176
7	24	0.000315
7	25	0.000358
7	26	0.000412
7	27	0.000484
7	28	0.000582
7	29	0.000725
7	30	0.000947
7	31	0.001338
7	32	0.000281
7	33	0.000315
7	34	0.000358
7	35	0.000412
7	36	0.000484
7	37	0.000582
7	38	0.000725
7	39	0.000947
7	40	0.000253
7	41	0.000281
7	42	0.000315
7	43	0.000358
7	44	0.000412
7	45	0.000484
7	46	0.000582
7	47	0.000725
7	48	0.000230
7	49	0.000253
7	50	0.000281
7	51	0.000315
7	52	0.000358
7	53	0.000412
7	54	0.000484
7	55	0.000582
7	56	0.000211
7	57	0.000230
7	58	0.000253
7	59	0.000281
7	60	0.000315
7	61	0.000358
7	62	0.000412
7	63	0.000484
8	0	0.005000
8	1	0.002176
8	2	0.001338
8	3	0.000947
8	4	0.000725
8	5	0.000582
8	6	0.000484
8	7	0.000412
8	9	0.005000
8	10	0.002176
8	11	0.001338
8	12	0.000947
8	13	0.000725
8	14	0.000582
8	15	0.000484
8	16	0.005000
8	17	0.002176
8	18	0.001338
8	19	0.000947
8	20	0.000725
8	21	0.000582
8	22	0.000484
8	23	0.000412
8	24	0.002176
8	25	0.001338
8	26	0.000947
8	27	0.000725
8	28	0.000582
8	29	0.000484
8	30	0.000412
8	31	0.000358
8	32	0.001338
8	33	0.000947
8	34	0.000725
8	35	0.000582
8	36	0.000484
8	37	0.000412
8	38	0.000358
8	39	0.000315
8	40	0.000947
8	41	0.000725
8	42	0.000582
8	43	0.000484
8	44	0.000412
8	45	0.000358
8	46	0.000315
8	47	0.000281
8	48	0.000725
8	49	0.000582
8	50	0.000484
8	51	0.000412
8	52	0.000358
8	53	0.000315
8	54	0.000281
8	55	0.000253
8	56	0.000582
8	57	0.000484
8	58	0.000412
8	59	0.000358
8	60	0.000315
8	61	0.000281
8	62	0.000253
8	63	0.000230
9	0	0.002176
9	1	0.005000
9	2	0.002176
9	3	0.001338
9	4	0.000947
9	5	0.000725
9	6	0.000582
9	7	0.000484
9	8	0.005000
9	10	0.005000
9	11	0.002176
9	12	0.001338
9	13	0.000947
9	14	0.000725
9	15	0.000582
9	16	0.002176
9	17	0.005000
9	18	0.002176
9	19	0.001338
9	20	0.000947
9	21	0.000725
9	22	0.000582
9	23	0.000484
9	24	0.001338
9	25	0.002176
9	26	0.001338
9	27	0.000947
9	28	0.000725
9	29	0.000582
9	30	0.000484
9	31	0.000412
9	32	0.000947
9	33	0.001338
9	34	0.000947
9	35	0.000725
9	36	0.000582
9	37	0.000484
9	38	0.000412
9	39	0.000358
9	40	0.000725
9	41	0.000947
9	42	0.000725
9	43	0.000582
9	44	0.000484
9	45	0.000412
9	46	0.000358
9	47	0.000315
9	48	0.000582
9	49	0.000725
9	50	0.000582
9	51	0.000484
9	52	0.000412
9	53	0.000358
9	54	0.000315
9	55	0.000281
9	56	0.000484
9	57	0.000582
9	58	0.000484
9	59	0.000412
9	60	0.000358
9	61	0.000315
9	62	0.000281
9	63	0.000253
10	0	0.001338
10	1	0.002176
10	2	0.005000
10	3	0.002176
10	4	0.001338
10	5	0.000947
10	6	0.000725
10	7	0.000582
10	8	0.002176
10	9	0.005000
10	11	0.005000
10	12	0.002176
10	13	0.001338
10	14	0.000947
10	15	0.000725
10	16	0.001338
10	17	0.002176
10	18	0.005000
10	19	0.002176
10	20	0.001338
10	21	0.000947
10	22	0.000725
10	23	0.000582
10	24	0.000947
10	25	0.001338
10	26	0.002176
10	27	0.001338
10	28	0.000947
10	29	0.000725
10	30	0.000582
10	31	0.000484
10	32	0.000725
10	33	0.000947
10	34	0.001338
10	35	0.000947
10	36	0.000725
10	37	0.000582
10	38	0.000484
10	39	0.000412
10	40	0.000582
10	41	0.000725
10	42	0.000947
10	43	0.000725
10	44	0.000582
10	45	0.000484
10	46	0.000412
10	47	0.000358
10	48	0.000484
10	49	0.000582
10	50	0.000725
10	51	0.000582
10	52	0.000484
10	53	0.000412
10	54	0.000358
10	55	0.000315
10	56	0.000412
10	57	0.000484
10	58	0.000582
10	59	0.000484
10	60	0.000412
10	61	0.000358
10	62	0.000315
10	63	0.000281
11	0	0.000947
11	1	0.001338
11	2	0.002176
11	3	0.005000
11	4	0.002176
11	5	0.001338
11	6	0.000947
11	7	0.000725
11	8	0.001338
11	9	0.002176
11	10	0.005000
11	12	0.005000
11	13	0.002176
11	14	0.001338
11	15	0.000947
11	16	0.000947
11	17	0.001338
11	18	0.002176
11	19	0.005000
11	20	0.002176
11	21	0.001338
11	22	0.000947
11	23	0.000725
11	24	0.000725
11	25	0.000947
11	26	0.001338
11	27	0.002176
11	28	0.001338
11	29	0.000947
11	30	0.000725
11	31	0.000582
11	32	0.000582
11	33	0.000725
11	34	0.000947
11	35	0.001338
11	36	0.000947
11	37	0.000725
11	38	0.000582
11	39	0.000484
11	40	0.000484
11	41	0.000582
11	42	0.000725
11	43	0.000947
11	44	0.000725
11	45	0.000582
11	46	0.000484
11	47	0.000412
11	48	0.000412
11	49	0.000484
11	50	0.000582
11	51	0.000725
11	52	0.000582
11	53	0.000484
11	54	0.000412
11	55	0.000358
11	56	0.000358
11	57	0.000412
11	58	0.000484
11	59	0.000582
11	60	0.000484
11	61	0.000412
11	62	0.000358
11	63	0.000315
12	0	0.000725
12	1	0.000947
12	2	0.001338
12	3	0.002176
12	4	0.005000
12	5	0.002176
12	6	0.001338
12	7	0.000947
12	8	0.000947
12	9	0.001338
12	10	0.002176
12	11	0.005000
12	13	0.005000
12	14	0.002176
12	15	0.001338
12	16	0.000725
12	17	0.000947
12	18	0.001338
12	19	0.002176
12	20	0.005000
12	21	0.002176
12	22	0.001338
12	23	0.000947
12	24	0.000582
12	25	0.000725
12	26	0.000947
12	27	0.001338
12	28	0.002176
12	29	0.001338
12	30	0.000947
12	31	0.000725
12	32	0.000484
12	33	0.000582
12	34	0.000725
12	35	0.000947
12	36	0.001338
12	37	0.000947
12	38	0.000725
12	39	0.000582
12	40	0.000412
12	41	0.000484
12	42	0.000582
12	43	0.000725
12	44	0.000947
12	45	0.000725
12	46	0.000582
12	47	0.000484
12	48	0.000358
12	49	0.000412
12	50	0.000484
12	51	0.000582
12	52	0.000725
12	53	0.000582
12	54	0.000484
12	55	0.000412
12	56	0.000315
12	57	0.000358
12	58	0.000412
12	59	0.000484
12	60	0.000582
12	61	0.000484
12	62	0.000412
12	63	0.000358
13	0	0.000582
13	1	0.000725
13	2	0.000947
13	3	0.001338
13	4	0.002176
13	5	0.005000
13	6	0.002176
13	7	0.001338
13	8	0.000725
13	9	0.000947
13	10	0.001338
13	11	0.002176
13	12	0.005000
13	14	0.005000
13	15	0.002176
13	16	0.000582
13	17	0.000725
13	18	0.000947
13	19	0.001338
13	20	0.002176
13	21	0.005000
13	22	0.002176
13	23	0.001338
13	24	0.000484
13	25	0.000582
13	26	0.000725
13	27	0.000947
13	28	0.001338
13	29	0.002176
13	30	0.001338
13	31	0.000947
13	32	0.000412
13	33	0.000484
13	34	0.000582
13	35	0.000725
13	36	0.000947
13	37	0.001338
13	38	0.000947
13	39	0.000725
13	40	0.000358
13	41	0.000412
13	42	0.000484
13	43	0.000582
13	44	0.000725
13	45	0.000947
13	46	0.000725
13	47	0.000582
13	48	0.000315
13	49	0.000358
13	50	0.000412
13	51	0.000484
13	52	0.000582
13	53	0.000725
13	54	0.000582
13	55	0.000484
13	56	0.000281
13	57	0.000315
13	58	0.000358
13	59	0.000412
13	60	0.000484
13	61	0.000582
13	62	0.000484
13	63	0.000412
14	0	0.000484
14	1	0.000582
14	2	0.000725
14	3	0.000947
14	4	0.001338
14	5	0.002176
14	6	0.005000
14	7	0.002176
14	8	0.000582
14	9	0.000725
14	10	0.000947
14	11	0.001338
14	12	0.002176
14	13	0.005000
14	15	0.005000
14	16	0.000484
14	17	0.000582
14	18	0.000725
14	19	0.000947
14	20	0.001338
14	21	0.002176
14	22	0.005000
14	23	0.002176
14	24	0.000412
14	25	0.000484
14	26	0.000582
14	27	0.000725
14	28	0.000947
14	29	0.001338
14	30	0.002176
14	31	0.001338
14	32	0.000358
14	33	0.000412
14	34	0.000484
14	35	0.000582
14	36	0.000725
14	37	0.000947
14	38	0.001338
14	39	0.000947
14	40	0.000315
14	41	0.000358
14	42	0.000412
14	43	0.000484
14	44	0.000582
14	45	0.000725
14	46	0.000947
14	47	0.000725
14	48	0.000281
14	49	0.000315
14	50	0.000358
14	51	0.000412
14	52	0.000484
14	53	0.000582
14	54	0.000725
14	55	0.000582
14	56	0.000253
14	57	0.000281
14	58	0.000315
14	59	0.000358
14	60	0.000412
14	61	0.000484
14	62	0.000582
14	63	0.000484
15	0	0.000412
15	1	0.000484
15	2	0.000582
15	3	0.000725
15	4	0.000947
15	5	0.001338
15	6	0.002176
15	7	0.005000
15	8	0.000484
15	9	0.000582
15	10	0.000725
15	11	0.000947
15	12	0.001338
15	13	0.002176
15	14	0.005000
15	16	0.000412
15	17	0.000484
15	18	0.000582
15	19	0.000725
15	20	0.000947
15	21	0.001338
15	22	0.002176
15	23	0.005000
15	24	0.000358
15	25	0.000412
15	26	0.000484
15	27	0.000582
15	28	0.000725
15	29	0.000947
15	30	0.001338
15	31	0.002176
15	32	0.000315
15	33	0.000358
15	34	0.000412
15	35	0.000484
15	36	0.000582
15	37	0.000725
15	38	0.000947
15	39	0.001338
15	40	0.000281
15	41	0.000315
15	42	0.000358
15	43	0.000412
15	44	0.000484
15	45	0.000582
15	46	0.000725
15	47	0.000947
15	48	0.000253
15	49	0.000281
15	50	0.000315
15	51	0.000358
15	52	0.000412
15	53	0.000484
15	54	0.000582
15	55	0.000725
15	56	0.000230
15	57	0.000253
15	58	0.000281
15	59	0.000315
15	60	0.000358
15	61	0.000412
15	62	0.000484
15	63	0.000582
16	0	0.002176
16	1	0.001338
16	2	0.000947
16	3	0.000725
16	4	0.000582
16	5	0.000484
16	6	0.000412
16	7	0.000358
16	8	0.005000
16	9	0.002176
16	10	0.001338
16	11	0.000947
16	12	0.000725
16	13	0.000582
16	14	0.000484
16	15	0.000412
16	17	0.005000
16	18	0.002176
16	19	0.001338
16	20	0.000947
16	21	0.000725
16	22	0.000582
16	23	0.000484
16	24	0.005000
16	25	0.002176
16	26	0.001338
16	27	0.000947
16	28	0.000725
16	29	0.000582
16	30	0.000484
16	31	0.000412
16	32	0.002176
16	33	0.001338
16	34	0.000947
16	35	0.000725
16	36	0.000582
16	37	0.000484
16	38	0.000412
16	39	0.000358
16	40	0.001338
16	41	0.000947
16	42	0.000725
16	43	0.000582
16	44	0.000484
16	45	0.000412
16	46	0.000358
16	47	0.000315
16	48	0.000947
16	49	0.000725
16	50	0.000582
16	51	0.000484
16	52	0.000412
16	53	0.000358
16	54	0.000315
16	55	0.000281
16	56	0.000725
16	57	0.000582
16	58	0.000484
16	59	0.000412
16	60	0.000358
16	61	0.000315
16	62	0.000281
16	63	0.000253
17	0	0.001338
17	1	0.002176
17	2	0.001338
17	3	0.000947
17	4	0.000725
17	5	0.000582
17	6	0.000484
17	7	0.000412
17	8	0.002176
17	9	0.005000
17	10	0.002176
17	11	0.001338
17	12	0.000947
17	13	0.000725
17	14	0.000582
17	15	0.000484
17	16	0.005000
17	18	0.005000
17	19	0.002176
17	20	0.001338
17	21	0.000947
17	22	0.000725
17	23	0.000582
17	24	0.002176
17	25	0.005000
17	26	0.002176
17	27	0.001338
17	28	0.000947
17	29	0.000725
17	30	0.000582
17	31	0.000484
17	32	0.001338
17	33	0.002176
17	34	0.001338
17	35	0.000947
17	36	0.000725
17	37	0.000582
17	38	0.000484
17	39	0.000412
17	40	0.000947
17	41	0.001338
17	42	0.000947
17	43	0.000725
17	44	0.000582
17	45	0.000484
17	46	0.000412
17	47	0.000358
17	48	0.000725
17	49	0.000947
17	50	0.000725
17	51	0.000582
17	52	0.000484
17	53	0.000412
17	54	0.000358
17	55	0.000315
17	56	0.000582
17	57	0.000725
17	58	0.000582
17	59	0.000484
17	60	0.000412
17	61	0.000358
17	62	0.000315
17	63	0.000281
18	0	0.000947
18	1	0.001338
18	2	0.002176
18	3	0.001338
18	4	0.000947
18	5	0.000725
18	6	0.000582
18	7	0.000484
18	8	0.001338
18	9	0.002176
18	10	0.005000
18	11	0.002176
18	12	0.001338
18	13	0.000947
18	14	0.000725
18	15	0.000582
18	16	0.002176
18	17	0.005000
18	19	0.005000
18	20	0.002176
18	21	0.001338
18	22	0.000947
18	23	0.000725
18	24	0.001338
18	25	0.002176
18	26	0.005000
18	27	0.002176
18	28	0.001338
18	29	0.000947
18	30	0.000725
18	31	0.000582
18	32	0.000947
18	33	0.001338
18	34	0.002176
18	35	0.001338
18	36	0.000947
18	37	0.000725
18	38	0.000582
18	39	0.000484
18	40	0.000725
18	41	0.000947
18	42	0.001338
18	43	0.000947
18	44	0.000725
18	45	0.000582
18	46	0.000484
18	47	0.000412
18	48	0.000582
18	49	0.000725
18	50	0.000947
18	51	0.000725
18	52	0.000582
18	53	0.000484
18	54	0.000412
18	55	0.000358
18	56	0.000484
18	57	0.000582
18	58	0.000725
18	59	0.000582
18	60	0.000484
18	61	0.000412
18	62	0.000358
18	63	0.000315
19	0	0.000725
19	1	0.000947
19	2	0.001338
19	3	0.002176
19	4	0.001338
19	5	0.000947
19	6	0.000725
19	7	0.000582
19	8	0.000947
19	9	0.001338
19	10	0.002176
19	11	0.005000
19	12	0.002176
19	13	0.001338
19	14	0.000947
19	15	0.000725
19	16	0.001338
19	17	0.002176
19	18	0.005000
19	20	0.005000
19	21	0.002176
19	22	0.001338
19	23	0.000947
19	24	0.000947
19	25	0.001338
19	26	0.002176
19	27	0.005000
19	28	0.002176
19	29	0.001338
19	30	0.000947
19	31	0.000725
19	32	0.000725
19	33	0.000947
19	34	0.001338
19	35	0.002176
19	36	0.001338
19	37	0.000947
19	38	0.000725
19	39	0.000582
19	40	0.000582
19	41	0.000725
19	42	0.000947
19	43	0.001338
19	44	0.000947
19	45	0.000725
19	46	0.000582
19	47	0.000484
19	48	0.000484
19	49	0.000582
19	50	0.000725
19	51	0.000947
19	52	0.000725
19	53	0.000582
19	54	0.000484
19	55	0.000412
19	56	0.000412
19	57	0.000484
19	58	0.000582
19	59	0.000725
19	60	0.000582
19	61	0.000484
19	62	0.000412
19	63	0.000358
20	0	0.000582
20	1	0.000725
20	2	0.000947
20	3	0.001338
20	4	0.002176
20	5	0.001338
20	6	0.000947
20	7	0.000725
20	8	0.000725
20	9	0.000947
20	10	0.001338
20	11	0.002176
20	12	0.005000
20	13	0.002176
20	14	0.001338
20	15	0.000947
20	16	0.000947
20	17	0.001338
20	18	0.002176
20	19	0.005000
20	21	0.005000
20	22	0.002176
20	23	0.001338
20	24	0.000725
20	25	0.000947
20	26	0.001338
20	27	0.002176
20	28	0.005000
20	29	0.002176
20	30	0.001338
20	31	0.000947
20	32	0.000582
20	33	0.000725
20	34	0.000947
20	35	0.001338
20	36	0.002176
20	37	0.001338
20	38	0.000947
20	39	0.000725
20	40	0.000484
20	41	0.000582
20	42	0.000725
20	43	0.000947
20	44	0.001338
20	45	0.000947
20	46	0.000725
20	47	0.000582
20	48	0.000412
20	49	0.000484
20	50	0.000582
20	51	0.000725
20	52	0.000947
20	53	0.000725
20	54	0.000582
20	55	0.000484
20	56	0.000358
20	57	0.000412
20	58	0.000484
20	59	0.000582
20	60	0.000725
20	61	0.000582
20	62	0.000484
20	63	0.000412
21	0	0.000484
21	1	0.000582
21	2	0.000725
21	3	0.000947
21	4	0.001338
21	5	0.002176
21	6	0.001338
21	7	0.000947
21	8	0.000582
21	9	0.000725
21	10	0.000947
21	11	0.001338
21	12	0.002176
21	13	0.005000
21	14	0.002176
21	15	0.001338
21	16	0.000725
21	17	0.000947
21	18	0.001338
21	19	0.002176
21	20	0.005000
21	22	0.005000
21	23	0.002176
21	24	0.000582
21	25	0.000725
21	26	0.000947
21	27	0.001338
21	28	0.002176
21	29	0.005000
21	30	0.002176
21	31	0.001338
21	32	0.000484
21	33	0.000582
21	34	0.000725
21	35	0.000947
21	36	0.001338
21	37	0.002176
21	38	0.001338
21	39	0.000947
21	40	0.000412
21	41	0.000484
21	42	0.000582
21	43	0.000725
21	44	0.000947
21	45	0.001338
21	46	0.000947
21	47	0.000725
21	48	0.000358
21	49	0.000412
21	50	0.000484
21	51	0.000582
21	52	0.000725
21	53	0.000947
21	54	0.000725
21	55	0.000582
21	56	0.000315
21	57	0.000358
21	58	0.000412
21	59	0.000484
21	60	0.000582
21	61	0.000725
21	62	0.000582
21	63	0.000484
22	0	0.000412
22	1	0.000484
22	2	0.000582
22	3	0.000725
22	4	0.000947
22	5	0.001338
22	6	0.002176
22	7	0.001338
22	8	0.000484
22	9	0.000582
22	10	0.000725
22	11	0.000947
22	12	0.001338
22	13	0.002176
22	14	0.005000
22	15	0.002176
22	16	0.000582
22	17	0.000725
22	18	0.000947
22	19	0.001338
22	20	0.002176
22	21	0.005000
22	23	0.005000
22	24	0.000484
22	25	0.000582
22	26	0.000725
22	27	0.000947
22	28	0.001338
22	29	0.002176
22	30	0.005000
22	31	0.002176
22	32	0.000412
22	33	0.000484
22	34	0.000582
22	35	0.000725
22	36	0.000947
22	37	0.001338
22	38	0.002176
22	39	0.001338
22	40	0.000358
22	41	0.000412
22	42	0.000484
22	43	0.000582
22	44	0.000725
22	45	0.000947
22	46	0.001338
22	47	0.000947
22	48	0.000315
22	49	0.000358
22	50	0.000412
22	51	0.000484
22	52	0.000582
22	53	0.000725
22	54	0.000947
22	55	0.000725
22	56	0.000281
22	57	0.000315
22	58	0.000358
22	59	0.000412
22	60	0.000484
22	61	0.000582
22	62	0.000725
22	63	0.000582
23	0	0.000358
23	1	0.000412
23	2	0.000484
23	3	0.000582
23	4	0.000725
23	5	0.000947
23	6	0.001338
23	7	0.002176
23	8	0.000412
23	9	0.000484
23	10	0.000582
23	11	0.000725
23	12	0.000947
23	13	0.001338
23	14	0.002176
23	15	0.005000
23	16	0.000484
23	17	0.000582
23	18	0.000725
23	19	0.000947
23	20	0.001338
23	21	0.002176
23	22	0.005000
23	24	0.000412
23	25	0.000484
23	26	0.000582
23	27	0.000725
23	28	0.000947
23	29	0.001338
23	30	0.002176
23	31	0.005000
23	32	0.000358
23	33	0.000412
23	34	0.000484
23	35	0.000582
23	36	0.000725
23	37	0.000947
23	38	0.001338
23	39	0.002176
23	40	0.000315
23	41	0.000358
23	42	0.000412
23	43	0.000484
23	44	0.000582
23	45	0.000725
23	46	0.000947
23	47	0.001338
23	48	0.000281
23	49	0.000315
23	50	0.000358
23	51	0.000412
23	52	0.000484
23	53	0.000582
23	54	0.000725
23	55	0.000947
23	56	0.000253
23	57	0.000281
23	58	0.000315
23	59	0.000358
23	60	0.000412
23	61	0.000484
23	62	0.000582
23	63	0.000725
24	0	0.001338
24	1	0.000947
24	2	0.000725
24	3	0.000582
24	4	0.000484
24	5	0.000412
24	6	0.000358
24	7	0.000315
24	8	0.002176
24	9	0.001338
24	10	0.000947
24	11	0.000725
24	12	0.000582
24	13	0.000484
24	14	0.000412
24	15	0.000358
24	16	0.005000
24	17	0.002176
24	18	0.001338
24	19	0.000947
24	20	0.000725
24	21	0.000582
24	22	0.000484
24	23	0.000412
24	25	0.005000
24	26	0.002176
24	27	0.001338
24	28	0.000947
24	29	0.000725
24	30	0.000582
24	31	0.000484
24	32	0.005000
24	33	0.002176
24	34	0.001338
24	35	0.000947
24	36	0.000725
24	37	0.000582
24	38	0.000484
24	39	0.000412
24	40	0.002176
24	41	0.001338
24	42	0.000947
24	43	0.000725
24	44	0.000582
24	45	0.000484
24	46	0.000412
24	47	0.000358
24	48	0.001338
24	49	0.000947
24	50	0.000725
24	51	0.000582
24	52	0.000484
24	53	0.000412
24	54	0.000358
24	55	0.000315
24	56	0.000947
24	57	0.000725
24	58	0.000582
24	59	0.000484
24	60	0.000412
24	61	0.000358
24	62	0.000315
24	63	0.000281
25	0	0.000947
25	1	0.001338
25	2	0.000947
25	3	0.000725
25	4	0.000582
25	5	0.000484
25	6	0.000412
25	7	0.000358
25	8	0.001338
25	9	0.002176
25	10	0.001338
25	11	0.000947
25	12	0.000725
25	13	0.000582
25	14	0.000484
25	15	0.000412
25	16	0.002176
25	17	0.005000
25	18	0.002176
25	19	0.001338
25	20	0.000947
25	21	0.000725
25	22	0.000582
25	23	0.000484
25	24	0.005000
25	26	0.005000
25	27	0.002176
25	28	0.001338
25	29	0.000947
25	30	0.000725
25	31	0.000582
25	32	0.002176
25	33	0.005000
25	34	0.002176
25	35	0.001338
25	36	0.000947
25	37	0.000725
25	38	0.000582
25	39	0.000484
25	40	0.001338
25	41	0.002176
25	42	0.001338
25	43	0.000947
25	44	0.000725
25	45	0.000582
25	46	0.000484
25	47	0.000412
25	48	0.000947
25	49	0.001338
25	50	0.000947
25	51	0.000725
25	52	0.000582
25	53	0.000484
25	54	0.000412
25	55	0.000358
25	56	0.000725
25	57	0.000947
25	58	0.000725
25	59	0.000582
25	60	0.000484
25	61	0.000412
25	62	0.000358
25	63	0.000315
26	0	0.000725
26	1	0.000947
26	2	0.001338
26	3	0.000947
26	4	0.000725
26	5	0.000582
26	6	0.000484
26	7	0.000412
26	8	0.000947
26	9	0.001338
26	10	0.002176
26	11	0.001338
26	12	0.000947
26	13	0.000725
26	14	0.000582
26	15	0.000484
26	16	0.001338
26	17	0.002176
26	18	0.005000
26	19	0.002176
26	20	0.001338
26	21	0.000947
26	22	0.000725
26	23	0.000582
26	24	0.002176
26	25	0.005000
26	27	0.005000
26	28	0.002176
26	29	0.001338
26	30	0.000947
26	31	0.000725
26	32	0.001338
26	33	0.002176
26	34	0.005000
26	35	0.002176
26	36	0.001338
26	37	0.000947
26	38	0.000725
26	39	0.000582
26	40	0.000947
26	41	0.001338
26	42	0.002176
26	43	0.001338
26	44	0.000947
26	45	0.000725
26	46	0.000582
26	47	0.000484
26	48	0.000725
26	49	0.000947
26	50	0.001338
26	51	0.000947
26	52	0.000725
26	53	0.000582
26	54	0.000484
26	55	0.000412
26	56	0.000582
26	57	0.000725
26	58	0.000947
26	59	0.000725
26	60	0.000582
26	61	0.000484
26	62	0.000412
26	63	0.000358
27	0	0.005824
27	1	0.007248
27	2	0.009473
27	3	0.013379
27	4	0.009473
27	5	0.007248
27	6	0.005824
27	7	0.004840
27	8	0.007248
27	9	0.009473
27	10	0.013379
27	11	0.021764
27	12	0.013379
27	13	0.009473
27	14	0.007248
27	15	0.005824
27	16	0.009473
27	17	0.013379
27	18	0.021764
27	19	0.050000
27	20	0.021764
27	21	0.013379
27	22	0.009473
27	23	0.007248
27	24	0.013379
27	25	0.021764
27	26	0.050000
27	28	0.050000
27	29	0.021764
27	30	0.013379
27	31	0.009473
27	32	0.009473
27	33	0.013379
27	34	0.021764
27	35	0.050000
27	36	0.021764
27	37	0.013379
27	38	0.009473
27	39	0.007248
27	40	0.007248
27	41	0.009473
27	42	0.013379
27	43	0.021764
27	44	0.013379
27	45	0.009473
27	46	0.007248
27	47	0.005824
27	48	0.005824
27	49	0.007248
27	50	0.009473
27	51	0.013379
27	52	0.009473
27	53	0.007248
27	54	0.005824
27	55	0.004840
27	56	0.004840
27	57	0.005824
27	58	0.007248
27	59	0.009473
27	60	0.007248
27	61	0.005824
27	62	0.004840
27	63	0.004123
28	0	0.004840
28	1	0.005824
28	2	0.007248
28	3	0.009473
28	4	0.013379
28	5	0.009473
28	6	0.007248
28	7	0.005824
28	8	0.005824
28	9	0.007248
28	10	0.009473
28	11	0.013379
28	12	0.021764
28	13	0.013379
28	14	0.009473
28	15	0.007248
28	16	0.007248
28	17	0.009473
28	18	0.013379
28	19	0.021764
28	20	0.050000
28	21	0.021764
28	22	0.013379
28	23	0.009473
28	24	0.009473
28	25	0.013379
28	26	0.021764
28	27	0.050000
28	29	0.050000
28	30	0.021764
28	31	0.013379
28	32	0.007248
28	33	0.009473
28	34	0.013379
28	35	0.021764
28	36	0.050000
28	37	0.021764
28	38	0.013379
28	39	0.009473
28	40	0.005824
28	41	0.007248
28	42	0.009473
28	43	0.013379
28	44	0.021764
28	45	0.013379
28	46	0.009473
28	47	0.007248
28	48	0.004840
28	49	0.005824
28	50	0.007248
28	51	0.009473
28	52	0.013379
28	53	0.009473
28	54	0.007248
28	55	0.005824
28	56	0.004123
28	57	0.004840
28	58	0.005824
28	59	0.007248
28	60	0.009473
28	61	0.007248
28	62	0.005824
28	63	0.004840
29	0	0.000412
29	1	0.000484
29	2	0.000582
29	3	0.000725
29	4	0.000947
29	5	0.001338
29	6	0.000947
29	7	0.000725
29	8	0.000484
29	9	0.000582
29	10	0.000725
29	11	0.000947
29	12	0.001338
29	13	0.002176
29	14	0.001338
29	15	0.000947
29	16	0.000582
29	17	0.000725
29	18	0.000947
29	19	0.001338
29	20	0.002176
29	21	0.005000
29	22	0.002176
29	23	0.001338
29	24	0.000725
29	25	0.000947
29	26	0.001338
29	27	0.002176
29	28	0.005000
29	30	0.005000
29	31	0.002176
29	32	0.000582
29	33	0.000725
29	34	0.000947
29	35	0.001338
29	36	0.002176
29	37	0.005000
29	38	0.002176
29	39	0.001338
29	40	0.000484
29	41	0.000582
29	42	0.000725
29	43	0.000947
29	44	0.001338
29	45	0.002176
29	46	0.001338
29	47	0.000947
29	48	0.000412
29	49	0.000484
29	50	0.000582
29	51	0.000725
29	52	0.000947
29	53	0.001338
29	54	0.000947
29	55	0.000725
29	56	0.000358
29	57	0.000412
29	58	0.000484
29	59	0.000582
29	60	0.000725
29	61	0.000947
29	62	0.000725
29	63	0.000582
30	0	0.000358
30	1	0.000412
30	2	0.000484
30	3	0.000582
30	4	0.000725
30	5	0.000947
30	6	0.001338
30	7	0.000947
30	8	0.000412
30	9	0.000484
30	10	0.000582
30	11	0.000725
30	12	0.000947
30	13	0.001338
30	14	0.002176
30	15	0.001338
30	16	0.000484
30	17	0.000582
30	18	0.000725
30	19	0.000947
30	20	0.001338
30	21	0.002176
30	22	0.005000
30	23	0.002176
30	24	0.000582
30	25	0.000725
30	26	0.000947
30	27	0.001338
30	28	0.002176
30	29	0.005000
30	31	0.005000
30	32	0.000484
30	33	0.000582
30	34	0.000725
30	35	0.000947
30	36	0.001338
30	37	0.002176
30	38	0.005000
30	39	0.002176
30	40	0.000412
30	41	0.000484
30	42	0.000582
30	43	0.000725
30	44	0.000947
30	45	0.001338
30	46	0.002176
30	47	0.001338
30	48	0.000358
30	49	0.000412
30	50	0.000484
30	51	0.000582
30	52	0.000725
30	53	0.000947
30	54	0.001338
30	55	0.000947
30	56	0.000315
30	57	0.000358
30	58	0.000412
30	59	0.000484
30	60	0.000582
30	61	0.000725
30	62	0.000947
30	63	0.000725
31	0	0.000315
31	1	0.000358
31	2	0.000412
31	3	0.000484
31	4	0.000582
31	5	0.000725
31	6	0.000947
31	7	0.001338
31	8	0.000358
31	9	0.000412
31	10	0.000484
31	11	0.000582
31	12	0.000725
31	13	0.000947
31	14	0.001338
31	15	0.002176
31	16	0.000412
31	17	0.000484
31	18	0.000582
31	19	0.000725
31	20	0.000947
31	21	0.001338
31	22	0.002176
31	23	0.005000
31	24	0.000484
31	25	0.000582
31	26	0.000725
31	27	0.000947
31	28	0.001338
31	29	0.002176
31	30	0.005000
31	32	0.000412
31	33	0.000484
31	34	0.000582
31	35	0.000725
31	36	0.000947
31	37	0.001338
31	38	0.002176
31	39	0.005000
31	40	0.000358
31	41	0.000412
31	42	0.000484
31	43	0.000582
31	44	0.000725
31	45	0.000947
31	46	0.001338
31	47	0.002176
31	48	0.000315
31	49	0.000358
31	50	0.000412
31	51	0.000484
31	52	0.000582
31	53	0.000725
31	54	0.000947
31	55	0.001338
31	56	0.000281
31	57	0.000315
31	58	0.000358
31	59	0.000412
31	60	0.000484
31	61	0.000582
31	62	0.000725
31	63	0.000947
32	0	0.000947
32	1	0.000725
32	2	0.000582
32	3	0.000484
32	4	0.000412
32	5	0.000358
32	6	0.000315
32	7	0.000281
32	8	0.001338
32	9	0.000947
32	10	0.000725
32	11	0.000582
32	12	0.000484
32	13	0.000412
32	14	0.000358
32	15	0.000315
32	16	0.002176
32	17	0.001338
32	18	0.000947
32	19	0.000725
32	20	0.000582
32	21	0.000484
32	22	0.000412
32	23	0.000358
32	24	0.005000
32	25	0.002176
32	26	0.001338
32	27	0.000947
32	28	0.000725
32	29	0.000582
32	30	0.000484
32	31	0.000412
32	33	0.005000
32	34	0.002176
32	35	0.001338
32	36	0.000947
32	37	0.000725
32	38	0.000582
32	39	0.000484
32	40	0.005000
32	41	0.002176
32	42	0.001338
32	43	0.000947
32	44	0.000725
32	45	0.000582
32	46	0.000484
32	47	0.000412
32	48	0.002176
32	49	0.001338
32	50	0.000947
32	51	0.000725
32	52	0.000582
32	53	0.000484
32	54	0.000412
32	55	0.000358
32	56	0.001338
32	57	0.000947
32	58	0.000725
32	59	0.000582
32	60	0.000484
32	61	0.000412
32	62	0.000358
32	63	0.000315
33	0	0.000725
33	1	0.000947
33	2	0.000725
33	3	0.000582
33	4	0.000484
33	5	0.000412
33	6	0.000358
33	7	0.000315
33	8	0.000947
33	9	0.001338
33	10	0.000947
33	11	0.000725
33	12	0.000582
33	13	0.000484
33	14	0.000412
33	15	0.000358
33	16	0.001338
33	17	0.002176
33	18	0.001338
33	19	0.000947
33	20	0.000725
33	21	0.000582
33	22	0.000484
33	23	0.000412
33	24	0.002176
33	25	0.005000
33	26	0.002176
33	27	0.001338
33	28	0.000947
33	29	0.000725
33	30	0.000582
33	31	0.000484
33	32	0.005000
33	34	0.005000
33	35	0.002176
33	36	0.001338
33	37	0.000947
33	38	0.000725
33	39	0.000582
33	40	0.002176
33	41	0.005000
33	42	0.002176
33	43	0.001338
33	44	0.000947
33	45	0.000725
33	46	0.000582
33	47	0.000484
33	48	0.001338
33	49	0.002176
33	50	0.001338
33	51	0.000947
33	52	0.000725
33	53	0.000582
33	54	0.000484
33	55	0.000412
33	56	0.000947
33	57	0.001338
33	58	0.000947
33	59	0.000725
33	60	0.000582
33	61	0.000484
33	62	0.000412
33	63	0.000358
34	0	0.000582
34	1	0.000725
34	2	0.000947
34	3	0.000725
34	4	0.000582
34	5	0.000484
34	6	0.000412
34	7	0.000358
34	8	0.000725
34	9	0.000947
34	10	0.001338
34	11	0.000947
34	12	0.000725
34	13	0.000582
34	14	0.000484
34	15	0.000412
34	16	0.000947
34	17	0.001338
34	18	0.002176
34	19	0.001338
34	20	0.000947
34	21	0.000725
34	22	0.000582
34	23	0.000484
34	24	0.001338
34	25	0.002176
34	26	0.005000
34	27	0.002176
34	28	0.001338
34	29	0.000947
34	30	0.000725
34	31	0.000582
34	32	0.002176
34	33	0.005000
34	35	0.005000
34	36	0.002176
34	37	0.001338
34	38	0.000947
34	39	0.000725
34	40	0.001338
34	41	0.002176
34	42	0.005000
34	43	0.002176
34	44	0.001338
34	45	0.000947
34	46	0.000725
34	47	0.000582
34	48	0.000947
34	49	0.001338
34	50	0.002176
34	51	0.001338
34	52	0.000947
34	53	0.000725
34	54	0.000582
34	55	0.000484
34	56	0.000725
34	57	0.000947
34	58	0.001338
34	59	0.000947
34	60	0.000725
34	61	0.000582
34	62	0.000484
34	63	0.000412
35	0	0.004840
35	1	0.005824
35	2	0.007248
35	3	0.009473
35	4	0.007248
35	5	0.005824
35	6	0.004840
35	7	0.004123
35	8	0.005824
35	9	0.007248
35	10	0.009473
35	11	0.013379
35	12	0.009473
35	13	0.007248
35	14	0.005824
35	15	0.004840
35	16	0.007248
35	17	0.009473
35	18	0.013379
35	19	0.021764
35	20	0.013379
35	21	0.009473
35	22	0.007248
35	23	0.005824
35	24	0.009473
35	25	0.013379
35	26	0.021764
35	27	0.050000
35	28	0.021764
35	29	0.013379
35	30	0.009473
35	31	0.007248
35	32	0.013379
35	33	0.021764
35	34	0.050000
35	36	0.050000
35	37	0.021764
35	38	0.013379
35	39	0.009473
35	40	0.009473
35	41	0.013379
35	42	0.021764
35	43	0.050000
35	44	0.021764
35	45	0.013379
35	46	0.009473
35	47	0.007248
35	48	0.007248
35	49	0.009473
35	50	0.013379
35	51	0.021764
35	52	0.013379
35	53	0.009473
35	54	0.007248
35	55	0.005824
35	56	0.005824
35	57	0.007248
35	58	0.009473
35	59	0.013379
35	60	0.009473
35	61	0.007248
35	62	0.005824
35	63	0.004840
36	0	0.004123
36	1	0.004840
36	2	0.005824
36	3	0.007248
36	4	0.009473
36	5	0.007248
36	6	0.005824
36	7	0.004840
36	8	0.004840
36	9	0.005824
36	10	0.007248
36	11	0.009473
36	12	0.013379
36	13	0.009473
36	14	0.007248
36	15	0.005824
36	16	0.005824
36	17	0.007248
36	18	0.009473
36	19	0.013379
36	20	0.021764
36	21	0.013379
36	22	0.009473
36	23	0.007248
36	24	0.007248
36	25	0.009473
36	26	0.013379
36	27	0.021764
36	28	0.050000
36	29	0.021764
36	30	0.013379
36	31	0.009473
36	32	0.009473
36	33	0.013379
36	34	0.021764
36	35	0.050000
36	37	0.050000
36	38	0.021764
36	39	0.013379
36	40	0.007248
36	41	0.009473
36	42	0.013379
36	43	0.021764
36	44	0.050000
36	45	0.021764
36	46	0.013379
36	47	0.009473
36	48	0.005824
36	49	0.007248
36	50	0.009473
36	51	0.013379
36	52	0.021764
36	53	0.013379
36	54	0.009473
36	55	0.007248
36	56	0.004840
36	57	0.005824
36	58	0.007248
36	59	0.009473
36	60	0.013379
36	61	0.009473
36	62	0.007248
36	63	0.005824
37	0	0.000358
37	1	0.000412
37	2	0.000484
37	3	0.000582
37	4	0.000725
37	5	0.000947
37	6	0.000725
37	7	0.000582
37	8	0.000412
37	9	0.000484
37	10	0.000582
37	11	0.000725
37	12	0.000947
37	13	0.001338
37	14	0.000947
37	15	0.000725
37	16	0.000484
37	17	0.000582
37	18	0.000725
37	19	0.000947
37	20	0.001338
37	21	0.002176
37	22	0.001338
37	23	0.000947
37	24	0.000582
37	25	0.000725
37	26	0.000947
37	27	0.001338
37	28	0.002176
37	29	0.005000
37	30	0.002176
37	31	0.001338
37	32	0.000725
37	33	0.000947
37	34	0.001338
37	35	0.002176
37	36	0.005000
37	38	0.005000
37	39	0.002176
37	40	0.000582
37	41	0.000725
37	42	0.000947
37	43	0.001338
37	44	0.002176
37	45	0.005000
37	46	0.002176
37	47	0.001338
37	48	0.000484
37	49	0.000582
37	50	0.000725
37	51	0.000947
37	52	0.001338
37	53	0.002176
37	54	0.001338
37	55	0.000947
37	56	0.000412
37	57	0.000484
37	58	0.000582
37	59	0.000725
37	60	0.000947
37	61	0.001338
37	62	0.000947
37	63	0.000725
38	0	0.000315
38	1	0.000358
38	2	0.000412
38	3	0.000484
38	4	0.000582
38	5	0.000725
38	6	0.000947
38	7	0.000725
38	8	0.000358
38	9	0.000412
38	10	0.000484
38	11	0.000582
38	12	0.000725
38	13	0.000947
38	14	0.001338
38	15	0.000947
38	16	0.000412
38	17	0.000484
38	18	0.000582
38	19	0.000725
38	20	0.000947
38	21	0.001338
38	22	0.002176
38	23	0.001338
38	24	0.000484
38	25	0.000582
38	26	0.000725
38	27	0.000947
38	28	0.001338
38	29	0.002176
38	30	0.005000
38	31	0.002176
38	32	0.000582
38	33	0.000725
38	34	0.000947
38	35	0.001338
38	36	0.002176
38	37	0.005000
38	39	0.005000
38	40	0.000484
38	41	0.000582
38	42	0.000725
38	43	0.000947
38	44	0.001338
38	45	0.002176
38	46	0.005000
38	47	0.002176
38	48	0.000412
38	49	0.000484
38	50	0.000582
38	51	0.000725
38	52	0.000947
38	53	0.001338
38	54	0.002176
38	55	0.001338
38	56	0.000358
38	57	0.000412
38	58	0.000484
38	59	0.000582
38	60	0.000725
38	61	0.000947
38	62	0.001338
38	63	0.000947
39	0	0.000281
39	1	0.000315
39	2	0.000358
39	3	0.000412
39	4	0.000484
39	5	0.000582
39	6	0.000725
39	7	0.000947
39	8	0.000315
39	9	0.000358
39	10	0.000412
39	11	0.000484
39	12	0.000582
39	13	0.000725
39	14	0.000947
39	15	0.001338
39	16	0.000358
39	17	0.000412
39	18	0.000484
39	19	0.000582
39	20	0.000725
39	21	0.000947
39	22	0.001338
39	23	0.002176
39	24	0.000412
39	25	0.000484
39	26	0.000582
39	27	0.000725
39	28	0.000947
39	29	0.001338
39	30	0.002176
39	31	0.005000
39	32	0.000484
39	33	0.000582
39	34	0.000725
39	35	0.000947
39	36	0.001338
39	37	0.002176
39	38	0.005000
39	40	0.000412
39	41	0.000484
39	42	0.000582
39	43	0.000725
39	44	0.000947
39	45	0.001338
39	46	0.002176
39	47	0.005000
39	48	0.000358
39	49	0.000412
39	50	0.000484
39	51	0.000582
39	52	0.000725
39	53	0.000947
39	54	0.001338
39	55	0.002176
39	56	0.000315
39	57	0.000358
39	58	0.000412
39	59	0.000484
39	60	0.000582
39	61	0.000725
39	62	0.000947
39	63	0.001338
40	0	0.000725
40	1	0.000582
40	2	0.000484
40	3	0.000412
40	4	0.000358
40	5	0.000315
40	6	0.000281
40	7	0.000253
40	8	0.000947
40	9	0.000725
40	10	0.000582
40	11	0.000484
40	12	0.000412
40	13	0.000358
40	14	0.000315
40	15	0.000281
40	16	0.001338
40	17	0.000947
40	18	0.000725
40	19	0.000582
40	20	0.000484
40	21	0.000412
40	22	0.000358
40	23	0.000315
40	24	0.002176
40	25	0.001338
40	26	0.000947
40	27	0.000725
40	28	0.000582
40	29	0.000484
40	30	0.000412
40	31	0.000358
40	32	0.005000
40	33	0.002176
40	34	0.001338
40	35	0.000947
40	36	0.000725
40	37	0.000582
40	38	0.000484
40	39	0.000412
40	41	0.005000
40	42	0.002176
40	43	0.001338
40	44	0.000947
40	45	0.000725
40	46	0.000582
40	47	0.000484
40	48	0.005000
40	49	0.002176
40	50	0.001338
40	51	0.000947
40	52	0.000725
40	53	0.000582
40	54	0.000484
40	55	0.000412
40	56	0.002176
40	57	0.001338
40	58	0.000947
40	59	0.000725
40	60	0.000582
40	61	0.000484
40	62	0.000412
40	63	0.000358
41	0	0.000582
41	1	0.000725
41	2	0.000582
41	3	0.000484
41	4	0.000412
41	5	0.000358
41	6	0.000315
41	7	0.000281
41	8	0.000725
41	9	0.000947
41	10	0.000725
41	11	0.000582
41	12	0.000484
41	13	0.000412
41	14	0.000358
41	15	0.000315
41	16	0.000947
41	17	0.001338
41	18	0.000947
41	19	0.000725
41	20	0.000582
41	21	0.000484
41	22	0.000412
41	23	0.000358
41	24	0.001338
41	25	0.002176
41	26	0.001338
41	27	0.000947
41	28	0.000725
41	29	0.000582
41	30	0.000484
41	31	0.000412
41	32	0.002176
41	33	0.005000
41	34	0.002176
41	35	0.001338
41	36	0.000947
41	37	0.000725
41	38	0.000582
41	39	0.000484
41	40	0.005000
41	42	0.005000
41	43	0.002176
41	44	0.001338
41	45	0.000947
41	46	0.000725
41	47	0.000582
41	48	0.002176
41	49	0.005000
41	50	0.002176
41	51	0.001338
41	52	0.000947
41	53	0.000725
41	54	0.000582
41	55	0.000484
41	56	0.001338
41	57	0.002176
41	58	0.001338
41	59	0.000947
41	60	0.000725
41	61	0.000582
41	62	0.000484
41	63	0.000412
42	0	0.000484
42	1	0.000582
42	2	0.000725
42	3	0.000582
42	4	0.000484
42	5	0.000412
42	6	0.000358
42	7	0.000315
42	8	0.000582
42	9	0.000725
42	10	0.000947
42	11	0.000725
42	12	0.000582
42	13	0.000484
42	14	0.000412
42	15	0.000358
42	16	0.000725
42	17	0.000947
42	18	0.001338
42	19	0.000947
42	20	0.000725
42	21	0.000582
42	22	0.000484
42	23	0.000412
42	24	0.000947
42	25	0.001338
42	26	0.002176
42	27	0.001338
42	28	0.000947
42	29	0.000725
42	30	0.000582
42	31	0.000484
42	32	0.001338
42	33	0.002176
42	34	0.005000
42	35	0.002176
42	36	0.001338
42	37	0.000947
42	38	0.000725
42	39	0.000582
42	40	0.002176
42	41	0.005000
42	43	0.005000
42	44	0.002176
42	45	0.001338
42	46	0.000947
42	47	0.000725
42	48	0.001338
42	49	0.002176
42	50	0.005000
42	51	0.002176
42	52	0.001338
42	53	0.000947
42	54	0.000725
42	55	0.000582
42	56	0.000947
42	57	0.001338
42	58	0.002176
42	59	0.001338
42	60	0.000947
42	61	0.000725
42	62	0.000582
42	63	0.000484
43	0	0.000412
43	1	0.000484
43	2	0.000582
43	3	0.000725
43	4	0.000582
43	5	0.000484
43	6	0.000412
43	7	0.000358
43	8	0.000484
43	9	0.000582
43	10	0.000725
43	11	0.000947
43	12	0.000725
43	13	0.000582
43	14	0.000484
43	15	0.000412
43	16	0.000582
43	17	0.000725
43	18	0.000947
43	19	0.001338
43	20	0.000947
43	21	0.000725
43	22	0.000582
43	23	0.000484
43	24	0.000725
43	25	0.000947
43	26	0.001338
43	27	0.002176
43	28	0.001338
43	29	0.000947
43	30	0.000725
43	31	0.000582
43	32	0.000947
43	33	0.001338
43	34	0.002176
43	35	0.005000
43	36	0.002176
43	37	0.001338
43	38	0.000947
43	39	0.000725
43	40	0.001338
43	41	0.002176
43	42	0.005000
43	44	0.005000
43	45	0.002176
43	46	0.001338
43	47	0.000947
43	48	0.000947
43	49	0.001338
43	50	0.002176
43	51	0.005000
43	52	0.002176
43	53	0.001338
43	54	0.000947
43	55	0.000725
43	56	0.000725
43	57	0.000947
43	58	0.001338
43	59	0.002176
43	60	0.001338
43	61	0.000947
43	62	0.000725
43	63	0.000582
44	0	0.000358
44	1	0.000412
44	2	0.000484
44	3	0.000582
44	4	0.000725
44	5	0.000582
44	6	0.000484
44	7	0.000412
44	8	0.000412
44	9	0.000484
44	10	0.000582
44	11	0.000725
44	12	0.000947
44	13	0.000725
44	14	0.000582
44	15	0.000484
44	16	0.000484
44	17	0.000582
44	18	0.000725
44	19	0.000947
44	20	0.001338
44	21	0.000947
44	22	0.000725
44	23	0.000582
44	24	0.000582
44	25	0.000725
44	26	0.000947
44	27	0.001338
44	28	0.002176
44	29	0.001338
44	30	0.000947
44	31	0.000725
44	32	0.000725
44	33	0.000947
44	34	0.001338
44	35	0.002176
44	36	0.005000
44	37	0.002176
44	38	0.001338
44	39	0.000947
44	40	0.000947
44	41	0.001338
44	42	0.002176
44	43	0.005000
44	45	0.005000
44	46	0.002176
44	47	0.001338
44	48	0.000725
44	49	0.000947
44	50	0.001338
44	51	0.002176
44	52	0.005000
44	53	0.002176
44	54	0.001338
44	55	0.000947
44	56	0.000582
44	57	0.000725
44	58	0.000947
44	59	0.001338
44	60	0.002176
44	61	0.001338
44	62	0.000947
44	63	0.000725
45	0	0.000315
45	1	0.000358
45	2	0.000412
45	3	0.000484
45	4	0.000582
45	5	0.000725
45	6	0.000582
45	7	0.000484
45	8	0.000358
45	9	0.000412
45	10	0.000484
45	11	0.000582
45	12	0.000725
45	13	0.000947
45	14	0.000725
45	15	0.000582
45	16	0.000412
45	17	0.000484
45	18	0.000582
45	19	0.000725
45	20	0.000947
45	21	0.001338
45	22	0.000947
45	23	0.000725
45	24	0.000484
45	25	0.000582
45	26	0.000725
45	27	0.000947
45	28	0.001338
45	29	0.002176
45	30	0.001338
45	31	0.000947
45	32	0.000582
45	33	0.000725
45	34	0.000947
45	35	0.001338
45	36	0.002176
45	37	0.005000
45	38	0.002176
45	39	0.001338
45	40	0.000725
45	41	0.000947
45	42	0.001338
45	43	0.002176
45	44	0.005000
45	46	0.005000
45	47	0.002176
45	48	0.000582
45	49	0.000725
45	50	0.000947
45	51	0.001338
45	52	0.002176
45	53	0.005000
45	54	0.002176
45	55	0.001338
45	56	0.000484
45	57	0.000582
45	58	0.000725
45	59	0.000947
45	60	0.001338
45	61	0.002176
45	62	0.001338
45	63	0.000947
46	0	0.000281
46	1	0.000315
46	2	0.000358
46	3	0.000412
46	4	0.000484
46	5	0.000582
46	6	0.000725
46	7	0.000582
46	8	0.000315
46	9	0.000358
46	10	0.000412
46	11	0.000484
46	12	0.000582
46	13	0.000725
46	14	0.000947
46	15	0.000725
46	16	0.000358
46	17	0.000412
46	18	0.000484
46	19	0.000582
46	20	0.000725
46	21	0.000947
46	22	0.001338
46	23	0.000947
46	24	0.000412
46	25	0.000484
46	26	0.000582
46	27	0.000725
46	28	0.000947
46	29	0.001338
46	30	0.002176
46	31	0.001338
46	32	0.000484
46	33	0.000582
46	34	0.000725
46	35	0.000947
46	36	0.001338
46	37	0.002176
46	38	0.005000
46	39	0.002176
46	40	0.000582
46	41	0.000725
46	42	0.000947
46	43	0.001338
46	44	0.002176
46	45	0.005000
46	47	0.005000
46	48	0.000484
46	49	0.000582
46	50	0.000725
46	51	0.000947
46	52	0.001338
46	53	0.002176
46	54	0.005000
46	55	0.002176
46	56	0.000412
46	57	0.000484
46	58	0.000582
46	59	0.000725
46	60	0.000947
46	61	0.001338
46	62	0.002176
46	63	0.001338
47	0	0.000253
47	1	0.000281
47	2	0.000315
47	3	0.000358
47	4	0.000412
47	5	0.000484
47	6	0.000582
47	7	0.000725
47	8	0.000281
47	9	0.000315
47	10	0.000358
47	11	0.000412
47	12	0.000484
47	13	0.000582
47	14	0.000725
47	15	0.000947
47	16	0.000315
47	17	0.000358
47	18	0.000412
47	19	0.000484
47	20	0.000582
47	21	0.000725
47	22	0.000947
47	23	0.001338
47	24	0.000358
47	25	0.000412
47	26	0.000484
47	27	0.000582
47	28	0.000725
47	29	0.000947
47	30	0.001338
47	31	0.002176
47	32	0.000412
47	33	0.000484
47	34	0.000582
47	35	0.000725
47	36	0.000947
47	37	0.001338
47	38	0.002176
47	39	0.005000
47	40	0.000484
47	41	0.000582
47	42	0.000725
47	43	0.000947
47	44	0.001338
47	45	0.002176
47	46	0.005000
47	48	0.000412
47	49	0.000484
47	50	0.000582
47	51	0.000725
47	52	0.000947
47	53	0.001338
47	54	0.002176
47	55	0.005000
47	56	0.000358
47	57	0.000412
47	58	0.000484
47	59	0.000582
47	60	0.000725
47	61	0.000947
47	62	0.001338
47	63	0.002176
48	0	0.000582
48	1	0.000484
48	2	0.000412
48	3	0.000358
48	4	0.000315
48	5	0.000281
48	6	0.000253
48	7	0.000230
48	8	0.000725
48	9	0.000582
48	10	0.000484
48	11	0.000412
48	12	0.000358
48	13	0.000315
48	14	0.000281
48	15	0.000253
48	16	0.000947
48	17	0.000725
48	18	0.000582
48	19	0.000484
48	20	0.000412
48	21	0.000358
48	22	0.000315
48	23	0.000281
48	24	0.001338
48	25	0.000947
48	26	0.000725
48	27	0.000582
48	28	0.000484
48	29	0.000412
48	30	0.000358
48	31	0.000315
48	32	0.002176
48	33	0.001338
48	34	0.000947
48	35	0.000725
48	36	0.000582
48	37	0.000484
48	38	0.000412
48	39	0.000358
48	40	0.005000
48	41	0.002176
48	42	0.001338
48	43	0.000947
48	44	0.000725
48	45	0.000582
48	46	0.000484
48	47	0.000412
48	49	0.005000
48	50	0.002176
48	51	0.001338
48	52	0.000947
48	53	0.000725
48	54	0.000582
48	55	0.000484
48	56	0.005000
48	57	0.002176
48	58	0.001338
48	59	0.000947
48	60	0.000725
48	61	0.000582
48	62	0.000484
48	63	0.000412
49	0	0.000484
49	1	0.000582
49	2	0.000484
49	3	0.000412
49	4	0.000358
49	5	0.000315
49	6	0.000281
49	7	0.000253
49	8	0.000582
49	9	0.000725
49	10	0.000582
49	11	0.000484
49	12	0.000412
49	13	0.000358
49	14	0.000315
49	15	0.000281
49	16	0.000725
49	17	0.000947
49	18	0.000725
49	19	0.000582
49	20	0.000484
49	21	0.000412
49	22	0.000358
49	23	0.000315
49	24	0.000947
49	25	0.001338
49	26	0.000947
49	27	0.000725
49	28	0.000582
49	29	0.000484
49	30	0.000412
49	31	0.000358
49	32	0.001338
49	33	0.002176
49	34	0.001338
49	35	0.000947
49	36	0.000725
49	37	0.000582
49	38	0.000484
49	39	0.000412
49	40	0.002176
49	41	0.005000
49	42	0.002176
49	43	0.001338
49	44	0.000947
49	45	0.000725
49	46	0.000582
49	47	0.000484
49	48	0.005000
49	50	0.005000
49	51	0.002176
49	52	0.001338
49	53	0.000947
49	54	0.000725
49	55	0.000582
49	56	0.002176
49	57	0.005000
49	58	0.002176
49	59	0.001338
49	60	0.000947
49	61	0.000725
49	62	0.000582
49	63	0.000484
50	0	0.000412
50	1	0.000484
50	2	0.000582
50	3	0.000484
50	4	0.000412
50	5	0.000358
50	6	0.000315
50	7	0.000281
50	8	0.000484
50	9	0.000582
50	10	0.000725
50	11	0.000582
50	12	0.000484
50	13	0.000412
50	14	0.000358
50	15	0.000315
50	16	0.000582
50	17	0.000725
50	18	0.000947
50	19	0.000725
50	20	0.000582
50	21	0.000484
50	22	0.000412
50	23	0.000358
50	24	0.000725
50	25	0.000947
50	26	0.001338
50	27	0.000947
50	28	0.000725
50	29	0.000582
50	30	0.000484
50	31	0.000412
50	32	0.000947
50	33	0.001338
50	34	0.002176
50	35	0.001338
50	36	0.000947
50	37	0.000725
50	38	0.000582
50	39	0.000484
50	40	0.001338
50	41	0.002176
50	42	0.005000
50	43	0.002176
50	44	0.001338
50	45	0.000947
50	46	0.000725
50	47	0.000582
50	48	0.002176
50	49	0.005000
50	51	0.005000
50	52	0.002176
50	53	0.001338
50	54	0.000947
50	55	0.000725
50	56	0.001338
50	57	0.002176
50	58	0.005000
50	59	0.002176
50	60	0.001338
50	61	0.000947
50	62	0.000725
50	63	0.000582
51	0	0.000358
51	1	0.000412
51	2	0.000484
51	3	0.000582
51	4	0.000484
51	5	0.000412
51	6	0.000358
51	7	0.000315
51	8	0.000412
51	9	0.000484
51	10	0.000582
51	11	0.000725
51	12	0.000582
51	13	0.000484
51	14	0.000412
51	15	0.000358
51	16	0.000484
51	17	0.000582
51	18	0.000725
51	19	0.000947
51	20	0.000725
51	21	0.000582
51	22	0.000484
51	23	0.000412
51	24	0.000582
51	25	0.000725
51	26	0.000947
51	27	0.001338
51	28	0.000947
51	29	0.000725
51	30	0.000582
51	31	0.000484
51	32	0.000725
51	33	0.000947
51	34	0.001338
51	35	0.002176
51	36	0.001338
51	37	0.000947
51	38	0.000725
51	39	0.000582
51	40	0.000947
51	41	0.001338
51	42	0.002176
51	43	0.005000
51	44	0.002176
51	45	0.001338
51	46	0.000947
51	47	0.000725
51	48	0.001338
51	49	0.002176
51	50	0.005000
51	52	0.005000
51	53	0.002176
51	54	0.001338
51	55	0.000947
51	56	0.000947
51	57	0.001338
51	58	0.002176
51	59	0.005000
51	60	0.002176
51	61	0.001338
51	62	0.000947
51	63	0.000725
52	0	0.000315
52	1	0.000358
52	2	0.000412
52	3	0.000484
52	4	0.000582
52	5	0.000484
52	6	0.000412
52	7	0.000358
52	8	0.000358
52	9	0.000412
52	10	0.000484
52	11	0.000582
52	12	0.000725
52	13	0.000582
52	14	0.000484
52	15	0.000412
52	16	0.000412
52	17	0.000484
52	18	0.000582
52	19	0.000725
52	20	0.000947
52	21	0.000725
52	22	0.000582
52	23	0.000484
52	24	0.000484
52	25	0.000582
52	26	0.000725
52	27	0.000947
52	28	0.001338
52	29	0.000947
52	30	0.000725
52	31	0.000582
52	32	0.000582
52	33	0.000725
52	34	0.000947
52	35	0.001338
52	36	0.002176
52	37	0.001338
52	38	0.000947
52	39	0.000725
52	40	0.000725
52	41	0.000947
52	42	0.001338
52	43	0.002176
52	44	0.005000
52	45	0.002176
52	46	0.001338
52	47	0.000947
52	48	0.000947
52	49	0.001338
52	50	0.002176
52	51	0.005000
52	53	0.005000
52	54	0.002176
52	55	0.001338
52	56	0.000725
52	57	0.000947
52	58	0.001338
52	59	0.002176
52	60	0.005000
52	61	0.002176
52	62	0.001338
52	63	0.000947
53	0	0.000281
53	1	0.000315
53	2	0.000358
53	3	0.000412
53	4	0.000484
53	5	0.000582
53	6	0.000484
53	7	0.000412
53	8	0.000315
53	9	0.000358
53	10	0.000412
53	11	0.000484
53	12	0.000582
53	13	0.000725
53	14	0.000582
53	15	0.000484
53	16	0.000358
53	17	0.000412
53	18	0.000484
53	19	0.000582
53	20	0.000725
53	21	0.000947
53	22	0.000725
53	23	0.000582
53	24	0.000412
53	25	0.000484
53	26	0.000582
53	27	0.000725
53	28	0.000947
53	29	0.001338
53	30	0.000947
53	31	0.000725
53	32	0.000484
53	33	0.000582
53	34	0.000725
53	35	0.000947
53	36	0.001338
53	37	0.002176
53	38	0.001338
53	39	0.000947
53	40	0.000582
53	41	0.000725
53	42	0.000947
53	43	0.001338
53	44	0.002176
53	45	0.005000
53	46	0.002176
53	47	0.001338
53	48	0.000725
53	49	0.000947
53	50	0.001338
53	51	0.002176
53	52	0.005000
53	54	0.005000
53	55	0.002176
53	56	0.000582
53	57	0.000725
53	58	0.000947
53	59	0.001338
53	60	0.002176
53	61	0.005000
53	62	0.002176
53	63	0.001338
54	0	0.000253
54	1	0.000281
54	2	0.000315
54	3	0.000358
54	4	0.000412
54	5	0.000484
54	6	0.000582
54	7	0.000484
54	8	0.000281
54	9	0.000315
54	10	0.000358
54	11	0.000412
54	12	0.000484
54	13	0.000582
54	14	0.000725
54	15	0.000582
54	16	0.000315
54	17	0.000358
54	18	0.000412
54	19	0.000484
54	20	0.000582
54	21	0.000725
54	22	0.000947
54	23	0.000725
54	24	0.000358
54	25	0.000412
54	26	0.000484
54	27	0.000582
54	28	0.000725
54	29	0.000947
54	30	0.001338
54	31	0.000947
54	32	0.000412
54	33	0.000484
54	34	0.000582
54	35	0.000725
54	36	0.000947
54	37	0.001338
54	38	0.002176
54	39	0.001338
54	40	0.000484
54	41	0.000582
54	42	0.000725
54	43	0.000947
54	44	0.001338
54	45	0.002176
54	46	0.005000
54	47	0.002176
54	48	0.000582
54	49	0.000725
54	50	0.000947
54	51	0.001338
54	52	0.002176
54	53	0.005000
54	55	0.005000
54	56	0.000484
54	57	0.000582
54	58	0.000725
54	59	0.000947
54	60	0.001338
54	61	0.002176
54	62	0.005000
54	63	0.002176
55	0	0.000230
55	1	0.000253
55	2	0.000281
55	3	0.000315
55	4	0.000358
55	5	0.000412
55	6	0.000484
55	7	0.000582
55	8	0.000253
55	9	0.000281
55	10	0.000315
55	11	0.000358
55	12	0.000412
55	13	0.000484
55	14	0.000582
55	15	0.000725
55	16	0.000281
55	17	0.000315
55	18	0.000358
55	19	0.000412
55	20	0.000484
55	21	0.000582
55	22	0.000725
55	23	0.000947
55	24	0.000315
55	25	0.000358
55	26	0.000412
55	27	0.000484
55	28	0.000582
55	29	0.000725
55	30	0.000947
55	31	0.001338
55	32	0.000358
55	33	0.000412
55	34	0.000484
55	35	0.000582
55	36	0.000725
55	37	0.000947
55	38	0.001338
55	39	0.002176
55	40	0.000412
55	41	0.000484
55	42	0.000582
55	43	0.000725
55	44	0.000947
55	45	0.001338
55	46	0.002176
55	47	0.005000
55	48	0.000484
55	49	0.000582
55	50	0.000725
55	51	0.000947
55	52	0.001338
55	53	0.002176
55	54	0.005000
55	56	0.000412
55	57	0.000484
55	58	0.000582
55	59	0.000725
55	60	0.000947
55	61	0.001338
55	62	0.002176
55	63	0.005000
56	0	0.000484
56	1	0.000412
56	2	0.000358
56	3	0.000315
56	4	0.000281
56	5	0.000253
56	6	0.000230
56	7	0.000211
56	8	0.000582
56	9	0.000484
56	10	0.000412
56	11	0.000358
56	12	0.000315
56	13	0.000281
56	14	0.000253
56	15	0.000230
56	16	0.000725
56	17	0.000582
56	18	0.000484
56	19	0.000412
56	20	0.000358
56	21	0.000315
56	22	0.000281
56	23	0.000253
56	24	0.000947
56	25	0.000725
56	26	0.000582
56	27	0.000484
56	28	0.000412
56	29	0.000358
56	30	0.000315
56	31	0.000281
56	32	0.001338
56	33	0.000947
56	34	0.000725
56	35	0.000582
56	36	0.000484
56	37	0.000412
56	38	0.000358
56	39	0.000315
56	40	0.002176
56	41	0.001338
56	42	0.000947
56	43	0.000725
56	44	0.000582
56	45	0.000484
56	46	0.000412
56	47	0.000358
56	48	0.005000
56	49	0.002176
56	50	0.001338
56	51	0.000947
56	52	0.000725
56	53	0.000582
56	54	0.000484
56	55	0.000412
56	57	0.005000
56	58	0.002176
56	59	0.001338
56	60	0.000947
56	61	0.000725
56	62	0.000582
56	63	0.000484
57	0	0.000412
57	1	0.000484
57	2	0.000412
57	3	0.000358
57	4	0.000315
57	5	0.000281
57	6	0.000253
57	7	0.000230
57	8	0.000484
57	9	0.000582
57	10	0.000484
57	11	0.000412
57	12	0.000358
57	13	0.000315
57	14	0.000281
57	15	0.000253
57	16	0.000582
57	17	0.000725
57	18	0.000582
57	19	0.000484
57	20	0.000412
57	21	0.000358
57	22	0.000315
57	23	0.000281
57	24	0.000725
57	25	0.000947
57	26	0.000725
57	27	0.000582
57	28	0.000484
57	29	0.000412
57	30	0.000358
57	31	0.000315
57	32	0.000947
57	33	0.001338
57	34	0.000947
57	35	0.000725
57	36	0.000582
57	37	0.000484
57	38	0.000412
57	39	0.000358
57	40	0.001338
57	41	0.002176
57	42	0.001338
57	43	0.000947
57	44	0.000725
57	45	0.000582
57	46	0.000484
57	47	0.000412
57	48	0.002176
57	49	0.005000
57	50	0.002176
57	51	0.001338
57	52	0.000947
57	53	0.000725
57	54	0.000582
57	55	0.000484
57	56	0.005000
57	58	0.005000
57	59	0.002176
57	60	0.001338
57	61	0.000947
57	62	0.000725
57	63	0.000582
58	0	0.000358
58	1	0.000412
58	2	0.000484
58	3	0.000412
58	4	0.000358
58	5	0.000315
58	6	0.000281
58	7	0.000253
58	8	0.000412
58	9	0.000484
58	10	0.000582
58	11	0.000484
58	12	0.000412
58	13	0.000358
58	14	0.000315
58	15	0.000281
58	16	0.000484
58	17	0.000582
58	18	0.000725
58	19	0.000582
58	20	0.000484
58	21	0.000412
58	22	0.000358
58	23	0.000315
58	24	0.000582
58	25	0.000725
58	26	0.000947
58	27	0.000725
58	28	0.000582
58	29	0.000484
58	30	0.000412
58	31	0.000358
58	32	0.000725
58	33	0.000947
58	34	0.001338
58	35	0.000947
58	36	0.000725
58	37	0.000582
58	38	0.000484
58	39	0.000412
58	40	0.000947
58	41	0.001338
58	42	0.002176
58	43	0.001338
58	44	0.000947
58	45	0.000725
58	46	0.000582
58	47	0.000484
58	48	0.001338
58	49	0.002176
58	50	0.005000
58	51	0.002176
58	52	0.001338
58	53	0.000947
58	54	0.000725
58	55	0.000582
58	56	0.002176
58	57	0.005000
58	59	0.005000
58	60	0.002176
58	61	0.001338
58	62	0.000947
58	63	0.000725
59	0	0.000315
59	1	0.000358
59	2	0.000412
59	3	0.000484
59	4	0.000412
59	5	0.000358
59	6	0.000315
59	7	0.000281
59	8	0.000358
59	9	0.000412
59	10	0.000484
59	11	0.000582
59	12	0.000484
59	13	0.000412
59	14	0.000358
59	15	0.000315
59	16	0.000412
59	17	0.000484
59	18	0.000582
59	19	0.000725
59	20	0.000582
59	21	0.000484
59	22	0.000412
59	23	0.000358
59	24	0.000484
59	25	0.000582
59	26	0.000725
59	27	0.000947
59	28	0.000725
59	29	0.000582
59	30	0.000484
59	31	0.000412
59	32	0.000582
59	33	0.000725
59	34	0.000947
59	35	0.001338
59	36	0.000947
59	37	0.000725
59	38	0.000582
59	39	0.000484
59	40	0.000725
59	41	0.000947
59	42	0.001338
59	43	0.002176
59	44	0.001338
59	45	0.000947
59	46	0.000725
59	47	0.000582
59	48	0.000947
59	49	0.001338
59	50	0.002176
59	51	0.005000
59	52	0.002176
59	53	0.001338
59	54	0.000947
59	55	0.000725
59	56	0.001338
59	57	0.002176
59	58	0.005000
59	60	0.005000
59	61	0.002176
59	62	0.001338
59	63	0.000947
60	0	0.000281
60	1	0.000315
60	2	0.000358
60	3	0.000412
60	4	0.000484
60	5	0.000412
60	6	0.000358
60	7	0.000315
60	8	0.000315
60	9	0.000358
60	10	0.000412
60	11	0.000484
60	12	0.000582
60	13	0.000484
60	14	0.000412
60	15	0.000358
60	16	0.000358
60	17	0.000412
60	18	0.000484
60	19	0.000582
60	20	0.000725
60	21	0.000582
60	22	0.000484
60	23	0.000412
60	24	0.000412
60	25	0.000484
60	26	0.000582
60	27	0.000725
60	28	0.000947
60	29	0.000725
60	30	0.000582
60	31	0.000484
60	32	0.000484
60	33	0.000582
60	34	0.000725
60	35	0.000947
60	36	0.001338
60	37	0.000947
60	38	0.000725
60	39	0.000582
60	40	0.000582
60	41	0.000725
60	42	0.000947
60	43	0.001338
60	44	0.002176
60	45	0.001338
60	46	0.000947
60	47	0.000725
60	48	0.000725
60	49	0.000947
60	50	0.001338
60	51	0.002176
60	52	0.005000
60	53	0.002176
60	54	0.001338
60	55	0.000947
60	56	0.000947
60	57	0.001338
60	58	0.002176
60	59	0.005000
60	61	0.005000
60	62	0.002176
60	63	0.001338
61	0	0.000253
61	1	0.000281
61	2	0.000315
61	3	0.000358
61	4	0.000412
61	5	0.000484
61	6	0.000412
61	7	0.000358
61	8	0.000281
61	9	0.000315
61	10	0.000358
61	11	0.000412
61	12	0.000484
61	13	0.000582
61	14	0.000484
61	15	0.000412
61	16	0.000315
61	17	0.000358
61	18	0.000412
61	19	0.000484
61	20	0.000582
61	21	0.000725
61	22	0.000582
61	23	0.000484
61	24	0.000358
61	25	0.000412
61	26	0.000484
61	27	0.000582
61	28	0.000725
61	29	0.000947
61	30	0.000725
61	31	0.000582
61	32	0.000412
61	33	0.000484
61	34	0.000582
61	35	0.000725
61	36	0.000947
61	37	0.001338
61	38	0.000947
61	39	0.000725
61	40	0.000484
61	41	0.000582
61	42	0.000725
61	43	0.000947
61	44	0.001338
61	45	0.002176
61	46	0.001338
61	47	0.000947
61	48	0.000582
61	49	0.000725
61	50	0.000947
61	51	0.001338
61	52	0.002176
61	53	0.005000
61	54	0.002176
61	55	0.001338
61	56	0.000725
61	57	0.000947
61	58	0.001338
61	59	0.002176
61	60	0.005000
61	62	0.005000
61	63	0.002176
62	0	0.000230
62	1	0.000253
62	2	0.000281
62	3	0.000315
62	4	0.000358
62	5	0.000412
62	6	0.000484
62	7	0.000412
62	8	0.000253
62	9	0.000281
62	10	0.000315
62	11	0.000358
62	12	0.000412
62	13	0.000484
62	14	0.000582
62	15	0.000484
62	16	0.000281
62	17	0.000315
62	18	0.000358
62	19	0.000412
62	20	0.000484
62	21	0.000582
62	22	0.000725
62	23	0.000582
62	24	0.000315
62	25	0.000358
62	26	0.000412
62	27	0.000484
62	28	0.000582
62	29	0.000725
62	30	0.000947
62	31	0.000725
62	32	0.000358
62	33	0.000412
62	34	0.000484
62	35	0.000582
62	36	0.000725
62	37	0.000947
62	38	0.001338
62	39	0.000947
62	40	0.000412
62	41	0.000484
62	42	0.000582
62	43	0.000725
62	44	0.000947
62	45	0.001338
62	46	0.002176
62	47	0.001338
62	48	0.000484
62	49	0.000582
62	50	0.000725
62	51	0.000947
62	52	0.001338
62	53	0.002176
62	54	0.005000
62	55	0.002176
62	56	0.000582
62	57	0.000725
62	58	0.000947
62	59	0.001338
62	60	0.002176
62	61	0.005000
62	63	0.005000
63	0	0.000211
63	1	0.000230
63	2	0.000253
63	3	0.000281
63	4	0.000315
63	5	0.000358
63	6	0.000412
63	7	0.000484
63	8	0.000230
63	9	0.000253
63	10	0.000281
63	11	0.000315
63	12	0.000358
63	13	0.000412
63	14	0.000484
63	15	0.000582
63	16	0.000253
63	17	0.000281
63	18	0.000315
63	19	0.000358
63	20	0.000412
63	21	0.000484
63	22	0.000582
63	23	0.000725
63	24	0.000281
63	25	0.000315
63	26	0.000358
63	27	0.000412
63	28	0.000484
63	29	0.000582
63	30	0.000725
63	31	0.000947
63	32	0.000315
63	33	0.000358
63	34	0.000412
63	35	0.000484
63	36	0.000582
63	37	0.000725
63	38	0.000947
63	39	0.001338
63	40	0.000358
63	41	0.000412
63	42	0.000484
63	43	0.000582
63	44	0.000725
63	45	0.000947
63	46	0.001338
63	47	0.002176
63	48	0.000412
63	49	0.000484
63	50	0.000582
63	51	0.000725
63	52	0.000947
63	53	0.001338
63	54	0.002176
63	55	0.005000
63	56	0.000484
63	57	0.000582
63	58	0.000725
63	59	0.000947
63	60	0.001338
63	61	0.002176
63	62	0.005000
