% Source Destination PIR
0 1 0.001625397
0 2 0.001625397
0 3 0.001625397
0 4 0.001625397
0 5 0.001625397
0 6 0.001625397
0 7 0.001625397
0 8 0.001625397
0 9 0.001625397
0 10 0.001625397
0 11 0.001625397
0 12 0.001625397
0 13 0.001625397
0 14 0.001625397
0 15 0.001625397
0 16 0.001625397
0 17 0.001625397
0 18 0.001625397
0 19 0.001625397
0 20 0.001625397
0 21 0.001625397
0 22 0.001625397
0 23 0.001625397
0 24 0.001625397
0 25 0.001625397
0 26 0.001625397
0 27 0.001625397
0 28 0.001625397
0 29 0.001625397
0 30 0.001625397
0 31 0.001625397
0 32 0.001625397
0 33 0.001625397
0 34 0.001625397
0 35 0.001625397
0 36 0.001625397
0 37 0.001625397
0 38 0.001625397
0 39 0.001625397
0 40 0.001625397
0 41 0.001625397
0 42 0.001625397
0 43 0.001625397
0 44 0.001625397
0 45 0.001625397
0 46 0.001625397
0 47 0.001625397
0 48 0.001625397
0 49 0.001625397
0 50 0.001625397
0 51 0.001625397
0 52 0.001625397
0 53 0.001625397
0 54 0.001625397
0 55 0.001625397
0 56 0.001625397
0 57 0.001625397
0 58 0.001625397
0 59 0.001625397
0 60 0.001625397
0 61 0.001625397
0 62 0.001625397
0 63 0.001625397
1 0 0.000038700
1 2 0.000038700
1 3 0.000038700
1 4 0.000038700
1 5 0.000038700
1 6 0.000038700
1 7 0.000038700
1 8 0.000038700
1 9 0.000038700
1 10 0.000038700
1 11 0.000038700
1 12 0.000038700
1 13 0.000038700
1 14 0.000038700
1 15 0.000038700
1 16 0.000038700
1 17 0.000038700
1 18 0.000038700
1 19 0.000038700
1 20 0.000038700
1 21 0.000038700
1 22 0.000038700
1 23 0.000038700
1 24 0.000038700
1 25 0.000038700
1 26 0.000038700
1 27 0.000038700
1 28 0.000038700
1 29 0.000038700
1 30 0.000038700
1 31 0.000038700
1 32 0.000038700
1 33 0.000038700
1 34 0.000038700
1 35 0.000038700
1 36 0.000038700
1 37 0.000038700
1 38 0.000038700
1 39 0.000038700
1 40 0.000038700
1 41 0.000038700
1 42 0.000038700
1 43 0.000038700
1 44 0.000038700
1 45 0.000038700
1 46 0.000038700
1 47 0.000038700
1 48 0.000038700
1 49 0.000038700
1 50 0.000038700
1 51 0.000038700
1 52 0.000038700
1 53 0.000038700
1 54 0.000038700
1 55 0.000038700
1 56 0.000038700
1 57 0.000038700
1 58 0.000038700
1 59 0.000038700
1 60 0.000038700
1 61 0.000038700
1 62 0.000038700
1 63 0.000038700
2 0 0.000038700
2 1 0.000038700
2 3 0.000038700
2 4 0.000038700
2 5 0.000038700
2 6 0.000038700
2 7 0.000038700
2 8 0.000038700
2 9 0.000038700
2 10 0.000038700
2 11 0.000038700
2 12 0.000038700
2 13 0.000038700
2 14 0.000038700
2 15 0.000038700
2 16 0.000038700
2 17 0.000038700
2 18 0.000038700
2 19 0.000038700
2 20 0.000038700
2 21 0.000038700
2 22 0.000038700
2 23 0.000038700
2 24 0.000038700
2 25 0.000038700
2 26 0.000038700
2 27 0.000038700
2 28 0.000038700
2 29 0.000038700
2 30 0.000038700
2 31 0.000038700
2 32 0.000038700
2 33 0.000038700
2 34 0.000038700
2 35 0.000038700
2 36 0.000038700
2 37 0.000038700
2 38 0.000038700
2 39 0.000038700
2 40 0.000038700
2 41 0.000038700
2 42 0.000038700
2 43 0.000038700
2 44 0.000038700
2 45 0.000038700
2 46 0.000038700
2 47 0.000038700
2 48 0.000038700
2 49 0.000038700
2 50 0.000038700
2 51 0.000038700
2 52 0.000038700
2 53 0.000038700
2 54 0.000038700
2 55 0.000038700
2 56 0.000038700
2 57 0.000038700
2 58 0.000038700
2 59 0.000038700
2 60 0.000038700
2 61 0.000038700
2 62 0.000038700
2 63 0.000038700
3 0 0.000038700
3 1 0.000038700
3 2 0.000038700
3 4 0.000038700
3 5 0.000038700
3 6 0.000038700
3 7 0.000038700
3 8 0.000038700
3 9 0.000038700
3 10 0.000038700
3 11 0.000038700
3 12 0.000038700
3 13 0.000038700
3 14 0.000038700
3 15 0.000038700
3 16 0.000038700
3 17 0.000038700
3 18 0.000038700
3 19 0.000038700
3 20 0.000038700
3 21 0.000038700
3 22 0.000038700
3 23 0.000038700
3 24 0.000038700
3 25 0.000038700
3 26 0.000038700
3 27 0.000038700
3 28 0.000038700
3 29 0.000038700
3 30 0.000038700
3 31 0.000038700
3 32 0.000038700
3 33 0.000038700
3 34 0.000038700
3 35 0.000038700
3 36 0.000038700
3 37 0.000038700
3 38 0.000038700
3 39 0.000038700
3 40 0.000038700
3 41 0.000038700
3 42 0.000038700
3 43 0.000038700
3 44 0.000038700
3 45 0.000038700
3 46 0.000038700
3 47 0.000038700
3 48 0.000038700
3 49 0.000038700
3 50 0.000038700
3 51 0.000038700
3 52 0.000038700
3 53 0.000038700
3 54 0.000038700
3 55 0.000038700
3 56 0.000038700
3 57 0.000038700
3 58 0.000038700
3 59 0.000038700
3 60 0.000038700
3 61 0.000038700
3 62 0.000038700
3 63 0.000038700
4 0 0.000038700
4 1 0.000038700
4 2 0.000038700
4 3 0.000038700
4 5 0.000038700
4 6 0.000038700
4 7 0.000038700
4 8 0.000038700
4 9 0.000038700
4 10 0.000038700
4 11 0.000038700
4 12 0.000038700
4 13 0.000038700
4 14 0.000038700
4 15 0.000038700
4 16 0.000038700
4 17 0.000038700
4 18 0.000038700
4 19 0.000038700
4 20 0.000038700
4 21 0.000038700
4 22 0.000038700
4 23 0.000038700
4 24 0.000038700
4 25 0.000038700
4 26 0.000038700
4 27 0.000038700
4 28 0.000038700
4 29 0.000038700
4 30 0.000038700
4 31 0.000038700
4 32 0.000038700
4 33 0.000038700
4 34 0.000038700
4 35 0.000038700
4 36 0.000038700
4 37 0.000038700
4 38 0.000038700
4 39 0.000038700
4 40 0.000038700
4 41 0.000038700
4 42 0.000038700
4 43 0.000038700
4 44 0.000038700
4 45 0.000038700
4 46 0.000038700
4 47 0.000038700
4 48 0.000038700
4 49 0.000038700
4 50 0.000038700
4 51 0.000038700
4 52 0.000038700
4 53 0.000038700
4 54 0.000038700
4 55 0.000038700
4 56 0.000038700
4 57 0.000038700
4 58 0.000038700
4 59 0.000038700
4 60 0.000038700
4 61 0.000038700
4 62 0.000038700
4 63 0.000038700
5 0 0.000038700
5 1 0.000038700
5 2 0.000038700
5 3 0.000038700
5 4 0.000038700
5 6 0.000038700
5 7 0.000038700
5 8 0.000038700
5 9 0.000038700
5 10 0.000038700
5 11 0.000038700
5 12 0.000038700
5 13 0.000038700
5 14 0.000038700
5 15 0.000038700
5 16 0.000038700
5 17 0.000038700
5 18 0.000038700
5 19 0.000038700
5 20 0.000038700
5 21 0.000038700
5 22 0.000038700
5 23 0.000038700
5 24 0.000038700
5 25 0.000038700
5 26 0.000038700
5 27 0.000038700
5 28 0.000038700
5 29 0.000038700
5 30 0.000038700
5 31 0.000038700
5 32 0.000038700
5 33 0.000038700
5 34 0.000038700
5 35 0.000038700
5 36 0.000038700
5 37 0.000038700
5 38 0.000038700
5 39 0.000038700
5 40 0.000038700
5 41 0.000038700
5 42 0.000038700
5 43 0.000038700
5 44 0.000038700
5 45 0.000038700
5 46 0.000038700
5 47 0.000038700
5 48 0.000038700
5 49 0.000038700
5 50 0.000038700
5 51 0.000038700
5 52 0.000038700
5 53 0.000038700
5 54 0.000038700
5 55 0.000038700
5 56 0.000038700
5 57 0.000038700
5 58 0.000038700
5 59 0.000038700
5 60 0.000038700
5 61 0.000038700
5 62 0.000038700
5 63 0.000038700
6 0 0.000038700
6 1 0.000038700
6 2 0.000038700
6 3 0.000038700
6 4 0.000038700
6 5 0.000038700
6 7 0.000038700
6 8 0.000038700
6 9 0.000038700
6 10 0.000038700
6 11 0.000038700
6 12 0.000038700
6 13 0.000038700
6 14 0.000038700
6 15 0.000038700
6 16 0.000038700
6 17 0.000038700
6 18 0.000038700
6 19 0.000038700
6 20 0.000038700
6 21 0.000038700
6 22 0.000038700
6 23 0.000038700
6 24 0.000038700
6 25 0.000038700
6 26 0.000038700
6 27 0.000038700
6 28 0.000038700
6 29 0.000038700
6 30 0.000038700
6 31 0.000038700
6 32 0.000038700
6 33 0.000038700
6 34 0.000038700
6 35 0.000038700
6 36 0.000038700
6 37 0.000038700
6 38 0.000038700
6 39 0.000038700
6 40 0.000038700
6 41 0.000038700
6 42 0.000038700
6 43 0.000038700
6 44 0.000038700
6 45 0.000038700
6 46 0.000038700
6 47 0.000038700
6 48 0.000038700
6 49 0.000038700
6 50 0.000038700
6 51 0.000038700
6 52 0.000038700
6 53 0.000038700
6 54 0.000038700
6 55 0.000038700
6 56 0.000038700
6 57 0.000038700
6 58 0.000038700
6 59 0.000038700
6 60 0.000038700
6 61 0.000038700
6 62 0.000038700
6 63 0.000038700
7 0 0.000038700
7 1 0.000038700
7 2 0.000038700
7 3 0.000038700
7 4 0.000038700
7 5 0.000038700
7 6 0.000038700
7 8 0.000038700
7 9 0.000038700
7 10 0.000038700
7 11 0.000038700
7 12 0.000038700
7 13 0.000038700
7 14 0.000038700
7 15 0.000038700
7 16 0.000038700
7 17 0.000038700
7 18 0.000038700
7 19 0.000038700
7 20 0.000038700
7 21 0.000038700
7 22 0.000038700
7 23 0.000038700
7 24 0.000038700
7 25 0.000038700
7 26 0.000038700
7 27 0.000038700
7 28 0.000038700
7 29 0.000038700
7 30 0.000038700
7 31 0.000038700
7 32 0.000038700
7 33 0.000038700
7 34 0.000038700
7 35 0.000038700
7 36 0.000038700
7 37 0.000038700
7 38 0.000038700
7 39 0.000038700
7 40 0.000038700
7 41 0.000038700
7 42 0.000038700
7 43 0.000038700
7 44 0.000038700
7 45 0.000038700
7 46 0.000038700
7 47 0.000038700
7 48 0.000038700
7 49 0.000038700
7 50 0.000038700
7 51 0.000038700
7 52 0.000038700
7 53 0.000038700
7 54 0.000038700
7 55 0.000038700
7 56 0.000038700
7 57 0.000038700
7 58 0.000038700
7 59 0.000038700
7 60 0.000038700
7 61 0.000038700
7 62 0.000038700
7 63 0.000038700
8 0 0.000038700
8 1 0.000038700
8 2 0.000038700
8 3 0.000038700
8 4 0.000038700
8 5 0.000038700
8 6 0.000038700
8 7 0.000038700
8 9 0.000038700
8 10 0.000038700
8 11 0.000038700
8 12 0.000038700
8 13 0.000038700
8 14 0.000038700
8 15 0.000038700
8 16 0.000038700
8 17 0.000038700
8 18 0.000038700
8 19 0.000038700
8 20 0.000038700
8 21 0.000038700
8 22 0.000038700
8 23 0.000038700
8 24 0.000038700
8 25 0.000038700
8 26 0.000038700
8 27 0.000038700
8 28 0.000038700
8 29 0.000038700
8 30 0.000038700
8 31 0.000038700
8 32 0.000038700
8 33 0.000038700
8 34 0.000038700
8 35 0.000038700
8 36 0.000038700
8 37 0.000038700
8 38 0.000038700
8 39 0.000038700
8 40 0.000038700
8 41 0.000038700
8 42 0.000038700
8 43 0.000038700
8 44 0.000038700
8 45 0.000038700
8 46 0.000038700
8 47 0.000038700
8 48 0.000038700
8 49 0.000038700
8 50 0.000038700
8 51 0.000038700
8 52 0.000038700
8 53 0.000038700
8 54 0.000038700
8 55 0.000038700
8 56 0.000038700
8 57 0.000038700
8 58 0.000038700
8 59 0.000038700
8 60 0.000038700
8 61 0.000038700
8 62 0.000038700
8 63 0.000038700
9 0 0.000038700
9 1 0.000038700
9 2 0.000038700
9 3 0.000038700
9 4 0.000038700
9 5 0.000038700
9 6 0.000038700
9 7 0.000038700
9 8 0.000038700
9 10 0.000038700
9 11 0.000038700
9 12 0.000038700
9 13 0.000038700
9 14 0.000038700
9 15 0.000038700
9 16 0.000038700
9 17 0.000038700
9 18 0.000038700
9 19 0.000038700
9 20 0.000038700
9 21 0.000038700
9 22 0.000038700
9 23 0.000038700
9 24 0.000038700
9 25 0.000038700
9 26 0.000038700
9 27 0.000038700
9 28 0.000038700
9 29 0.000038700
9 30 0.000038700
9 31 0.000038700
9 32 0.000038700
9 33 0.000038700
9 34 0.000038700
9 35 0.000038700
9 36 0.000038700
9 37 0.000038700
9 38 0.000038700
9 39 0.000038700
9 40 0.000038700
9 41 0.000038700
9 42 0.000038700
9 43 0.000038700
9 44 0.000038700
9 45 0.000038700
9 46 0.000038700
9 47 0.000038700
9 48 0.000038700
9 49 0.000038700
9 50 0.000038700
9 51 0.000038700
9 52 0.000038700
9 53 0.000038700
9 54 0.000038700
9 55 0.000038700
9 56 0.000038700
9 57 0.000038700
9 58 0.000038700
9 59 0.000038700
9 60 0.000038700
9 61 0.000038700
9 62 0.000038700
9 63 0.000038700
10 0 0.000038700
10 1 0.000038700
10 2 0.000038700
10 3 0.000038700
10 4 0.000038700
10 5 0.000038700
10 6 0.000038700
10 7 0.000038700
10 8 0.000038700
10 9 0.000038700
10 11 0.000038700
10 12 0.000038700
10 13 0.000038700
10 14 0.000038700
10 15 0.000038700
10 16 0.000038700
10 17 0.000038700
10 18 0.000038700
10 19 0.000038700
10 20 0.000038700
10 21 0.000038700
10 22 0.000038700
10 23 0.000038700
10 24 0.000038700
10 25 0.000038700
10 26 0.000038700
10 27 0.000038700
10 28 0.000038700
10 29 0.000038700
10 30 0.000038700
10 31 0.000038700
10 32 0.000038700
10 33 0.000038700
10 34 0.000038700
10 35 0.000038700
10 36 0.000038700
10 37 0.000038700
10 38 0.000038700
10 39 0.000038700
10 40 0.000038700
10 41 0.000038700
10 42 0.000038700
10 43 0.000038700
10 44 0.000038700
10 45 0.000038700
10 46 0.000038700
10 47 0.000038700
10 48 0.000038700
10 49 0.000038700
10 50 0.000038700
10 51 0.000038700
10 52 0.000038700
10 53 0.000038700
10 54 0.000038700
10 55 0.000038700
10 56 0.000038700
10 57 0.000038700
10 58 0.000038700
10 59 0.000038700
10 60 0.000038700
10 61 0.000038700
10 62 0.000038700
10 63 0.000038700
11 0 0.000038700
11 1 0.000038700
11 2 0.000038700
11 3 0.000038700
11 4 0.000038700
11 5 0.000038700
11 6 0.000038700
11 7 0.000038700
11 8 0.000038700
11 9 0.000038700
11 10 0.000038700
11 12 0.000038700
11 13 0.000038700
11 14 0.000038700
11 15 0.000038700
11 16 0.000038700
11 17 0.000038700
11 18 0.000038700
11 19 0.000038700
11 20 0.000038700
11 21 0.000038700
11 22 0.000038700
11 23 0.000038700
11 24 0.000038700
11 25 0.000038700
11 26 0.000038700
11 27 0.000038700
11 28 0.000038700
11 29 0.000038700
11 30 0.000038700
11 31 0.000038700
11 32 0.000038700
11 33 0.000038700
11 34 0.000038700
11 35 0.000038700
11 36 0.000038700
11 37 0.000038700
11 38 0.000038700
11 39 0.000038700
11 40 0.000038700
11 41 0.000038700
11 42 0.000038700
11 43 0.000038700
11 44 0.000038700
11 45 0.000038700
11 46 0.000038700
11 47 0.000038700
11 48 0.000038700
11 49 0.000038700
11 50 0.000038700
11 51 0.000038700
11 52 0.000038700
11 53 0.000038700
11 54 0.000038700
11 55 0.000038700
11 56 0.000038700
11 57 0.000038700
11 58 0.000038700
11 59 0.000038700
11 60 0.000038700
11 61 0.000038700
11 62 0.000038700
11 63 0.000038700
12 0 0.000038700
12 1 0.000038700
12 2 0.000038700
12 3 0.000038700
12 4 0.000038700
12 5 0.000038700
12 6 0.000038700
12 7 0.000038700
12 8 0.000038700
12 9 0.000038700
12 10 0.000038700
12 11 0.000038700
12 13 0.000038700
12 14 0.000038700
12 15 0.000038700
12 16 0.000038700
12 17 0.000038700
12 18 0.000038700
12 19 0.000038700
12 20 0.000038700
12 21 0.000038700
12 22 0.000038700
12 23 0.000038700
12 24 0.000038700
12 25 0.000038700
12 26 0.000038700
12 27 0.000038700
12 28 0.000038700
12 29 0.000038700
12 30 0.000038700
12 31 0.000038700
12 32 0.000038700
12 33 0.000038700
12 34 0.000038700
12 35 0.000038700
12 36 0.000038700
12 37 0.000038700
12 38 0.000038700
12 39 0.000038700
12 40 0.000038700
12 41 0.000038700
12 42 0.000038700
12 43 0.000038700
12 44 0.000038700
12 45 0.000038700
12 46 0.000038700
12 47 0.000038700
12 48 0.000038700
12 49 0.000038700
12 50 0.000038700
12 51 0.000038700
12 52 0.000038700
12 53 0.000038700
12 54 0.000038700
12 55 0.000038700
12 56 0.000038700
12 57 0.000038700
12 58 0.000038700
12 59 0.000038700
12 60 0.000038700
12 61 0.000038700
12 62 0.000038700
12 63 0.000038700
13 0 0.000038700
13 1 0.000038700
13 2 0.000038700
13 3 0.000038700
13 4 0.000038700
13 5 0.000038700
13 6 0.000038700
13 7 0.000038700
13 8 0.000038700
13 9 0.000038700
13 10 0.000038700
13 11 0.000038700
13 12 0.000038700
13 14 0.000038700
13 15 0.000038700
13 16 0.000038700
13 17 0.000038700
13 18 0.000038700
13 19 0.000038700
13 20 0.000038700
13 21 0.000038700
13 22 0.000038700
13 23 0.000038700
13 24 0.000038700
13 25 0.000038700
13 26 0.000038700
13 27 0.000038700
13 28 0.000038700
13 29 0.000038700
13 30 0.000038700
13 31 0.000038700
13 32 0.000038700
13 33 0.000038700
13 34 0.000038700
13 35 0.000038700
13 36 0.000038700
13 37 0.000038700
13 38 0.000038700
13 39 0.000038700
13 40 0.000038700
13 41 0.000038700
13 42 0.000038700
13 43 0.000038700
13 44 0.000038700
13 45 0.000038700
13 46 0.000038700
13 47 0.000038700
13 48 0.000038700
13 49 0.000038700
13 50 0.000038700
13 51 0.000038700
13 52 0.000038700
13 53 0.000038700
13 54 0.000038700
13 55 0.000038700
13 56 0.000038700
13 57 0.000038700
13 58 0.000038700
13 59 0.000038700
13 60 0.000038700
13 61 0.000038700
13 62 0.000038700
13 63 0.000038700
14 0 0.000038700
14 1 0.000038700
14 2 0.000038700
14 3 0.000038700
14 4 0.000038700
14 5 0.000038700
14 6 0.000038700
14 7 0.000038700
14 8 0.000038700
14 9 0.000038700
14 10 0.000038700
14 11 0.000038700
14 12 0.000038700
14 13 0.000038700
14 15 0.000038700
14 16 0.000038700
14 17 0.000038700
14 18 0.000038700
14 19 0.000038700
14 20 0.000038700
14 21 0.000038700
14 22 0.000038700
14 23 0.000038700
14 24 0.000038700
14 25 0.000038700
14 26 0.000038700
14 27 0.000038700
14 28 0.000038700
14 29 0.000038700
14 30 0.000038700
14 31 0.000038700
14 32 0.000038700
14 33 0.000038700
14 34 0.000038700
14 35 0.000038700
14 36 0.000038700
14 37 0.000038700
14 38 0.000038700
14 39 0.000038700
14 40 0.000038700
14 41 0.000038700
14 42 0.000038700
14 43 0.000038700
14 44 0.000038700
14 45 0.000038700
14 46 0.000038700
14 47 0.000038700
14 48 0.000038700
14 49 0.000038700
14 50 0.000038700
14 51 0.000038700
14 52 0.000038700
14 53 0.000038700
14 54 0.000038700
14 55 0.000038700
14 56 0.000038700
14 57 0.000038700
14 58 0.000038700
14 59 0.000038700
14 60 0.000038700
14 61 0.000038700
14 62 0.000038700
14 63 0.000038700
15 0 0.000038700
15 1 0.000038700
15 2 0.000038700
15 3 0.000038700
15 4 0.000038700
15 5 0.000038700
15 6 0.000038700
15 7 0.000038700
15 8 0.000038700
15 9 0.000038700
15 10 0.000038700
15 11 0.000038700
15 12 0.000038700
15 13 0.000038700
15 14 0.000038700
15 16 0.000038700
15 17 0.000038700
15 18 0.000038700
15 19 0.000038700
15 20 0.000038700
15 21 0.000038700
15 22 0.000038700
15 23 0.000038700
15 24 0.000038700
15 25 0.000038700
15 26 0.000038700
15 27 0.000038700
15 28 0.000038700
15 29 0.000038700
15 30 0.000038700
15 31 0.000038700
15 32 0.000038700
15 33 0.000038700
15 34 0.000038700
15 35 0.000038700
15 36 0.000038700
15 37 0.000038700
15 38 0.000038700
15 39 0.000038700
15 40 0.000038700
15 41 0.000038700
15 42 0.000038700
15 43 0.000038700
15 44 0.000038700
15 45 0.000038700
15 46 0.000038700
15 47 0.000038700
15 48 0.000038700
15 49 0.000038700
15 50 0.000038700
15 51 0.000038700
15 52 0.000038700
15 53 0.000038700
15 54 0.000038700
15 55 0.000038700
15 56 0.000038700
15 57 0.000038700
15 58 0.000038700
15 59 0.000038700
15 60 0.000038700
15 61 0.000038700
15 62 0.000038700
15 63 0.000038700
16 0 0.000038700
16 1 0.000038700
16 2 0.000038700
16 3 0.000038700
16 4 0.000038700
16 5 0.000038700
16 6 0.000038700
16 7 0.000038700
16 8 0.000038700
16 9 0.000038700
16 10 0.000038700
16 11 0.000038700
16 12 0.000038700
16 13 0.000038700
16 14 0.000038700
16 15 0.000038700
16 17 0.000038700
16 18 0.000038700
16 19 0.000038700
16 20 0.000038700
16 21 0.000038700
16 22 0.000038700
16 23 0.000038700
16 24 0.000038700
16 25 0.000038700
16 26 0.000038700
16 27 0.000038700
16 28 0.000038700
16 29 0.000038700
16 30 0.000038700
16 31 0.000038700
16 32 0.000038700
16 33 0.000038700
16 34 0.000038700
16 35 0.000038700
16 36 0.000038700
16 37 0.000038700
16 38 0.000038700
16 39 0.000038700
16 40 0.000038700
16 41 0.000038700
16 42 0.000038700
16 43 0.000038700
16 44 0.000038700
16 45 0.000038700
16 46 0.000038700
16 47 0.000038700
16 48 0.000038700
16 49 0.000038700
16 50 0.000038700
16 51 0.000038700
16 52 0.000038700
16 53 0.000038700
16 54 0.000038700
16 55 0.000038700
16 56 0.000038700
16 57 0.000038700
16 58 0.000038700
16 59 0.000038700
16 60 0.000038700
16 61 0.000038700
16 62 0.000038700
16 63 0.000038700
17 0 0.000038700
17 1 0.000038700
17 2 0.000038700
17 3 0.000038700
17 4 0.000038700
17 5 0.000038700
17 6 0.000038700
17 7 0.000038700
17 8 0.000038700
17 9 0.000038700
17 10 0.000038700
17 11 0.000038700
17 12 0.000038700
17 13 0.000038700
17 14 0.000038700
17 15 0.000038700
17 16 0.000038700
17 18 0.000038700
17 19 0.000038700
17 20 0.000038700
17 21 0.000038700
17 22 0.000038700
17 23 0.000038700
17 24 0.000038700
17 25 0.000038700
17 26 0.000038700
17 27 0.000038700
17 28 0.000038700
17 29 0.000038700
17 30 0.000038700
17 31 0.000038700
17 32 0.000038700
17 33 0.000038700
17 34 0.000038700
17 35 0.000038700
17 36 0.000038700
17 37 0.000038700
17 38 0.000038700
17 39 0.000038700
17 40 0.000038700
17 41 0.000038700
17 42 0.000038700
17 43 0.000038700
17 44 0.000038700
17 45 0.000038700
17 46 0.000038700
17 47 0.000038700
17 48 0.000038700
17 49 0.000038700
17 50 0.000038700
17 51 0.000038700
17 52 0.000038700
17 53 0.000038700
17 54 0.000038700
17 55 0.000038700
17 56 0.000038700
17 57 0.000038700
17 58 0.000038700
17 59 0.000038700
17 60 0.000038700
17 61 0.000038700
17 62 0.000038700
17 63 0.000038700
18 0 0.000038700
18 1 0.000038700
18 2 0.000038700
18 3 0.000038700
18 4 0.000038700
18 5 0.000038700
18 6 0.000038700
18 7 0.000038700
18 8 0.000038700
18 9 0.000038700
18 10 0.000038700
18 11 0.000038700
18 12 0.000038700
18 13 0.000038700
18 14 0.000038700
18 15 0.000038700
18 16 0.000038700
18 17 0.000038700
18 19 0.000038700
18 20 0.000038700
18 21 0.000038700
18 22 0.000038700
18 23 0.000038700
18 24 0.000038700
18 25 0.000038700
18 26 0.000038700
18 27 0.000038700
18 28 0.000038700
18 29 0.000038700
18 30 0.000038700
18 31 0.000038700
18 32 0.000038700
18 33 0.000038700
18 34 0.000038700
18 35 0.000038700
18 36 0.000038700
18 37 0.000038700
18 38 0.000038700
18 39 0.000038700
18 40 0.000038700
18 41 0.000038700
18 42 0.000038700
18 43 0.000038700
18 44 0.000038700
18 45 0.000038700
18 46 0.000038700
18 47 0.000038700
18 48 0.000038700
18 49 0.000038700
18 50 0.000038700
18 51 0.000038700
18 52 0.000038700
18 53 0.000038700
18 54 0.000038700
18 55 0.000038700
18 56 0.000038700
18 57 0.000038700
18 58 0.000038700
18 59 0.000038700
18 60 0.000038700
18 61 0.000038700
18 62 0.000038700
18 63 0.000038700
19 0 0.000038700
19 1 0.000038700
19 2 0.000038700
19 3 0.000038700
19 4 0.000038700
19 5 0.000038700
19 6 0.000038700
19 7 0.000038700
19 8 0.000038700
19 9 0.000038700
19 10 0.000038700
19 11 0.000038700
19 12 0.000038700
19 13 0.000038700
19 14 0.000038700
19 15 0.000038700
19 16 0.000038700
19 17 0.000038700
19 18 0.000038700
19 20 0.000038700
19 21 0.000038700
19 22 0.000038700
19 23 0.000038700
19 24 0.000038700
19 25 0.000038700
19 26 0.000038700
19 27 0.000038700
19 28 0.000038700
19 29 0.000038700
19 30 0.000038700
19 31 0.000038700
19 32 0.000038700
19 33 0.000038700
19 34 0.000038700
19 35 0.000038700
19 36 0.000038700
19 37 0.000038700
19 38 0.000038700
19 39 0.000038700
19 40 0.000038700
19 41 0.000038700
19 42 0.000038700
19 43 0.000038700
19 44 0.000038700
19 45 0.000038700
19 46 0.000038700
19 47 0.000038700
19 48 0.000038700
19 49 0.000038700
19 50 0.000038700
19 51 0.000038700
19 52 0.000038700
19 53 0.000038700
19 54 0.000038700
19 55 0.000038700
19 56 0.000038700
19 57 0.000038700
19 58 0.000038700
19 59 0.000038700
19 60 0.000038700
19 61 0.000038700
19 62 0.000038700
19 63 0.000038700
20 0 0.000038700
20 1 0.000038700
20 2 0.000038700
20 3 0.000038700
20 4 0.000038700
20 5 0.000038700
20 6 0.000038700
20 7 0.000038700
20 8 0.000038700
20 9 0.000038700
20 10 0.000038700
20 11 0.000038700
20 12 0.000038700
20 13 0.000038700
20 14 0.000038700
20 15 0.000038700
20 16 0.000038700
20 17 0.000038700
20 18 0.000038700
20 19 0.000038700
20 21 0.000038700
20 22 0.000038700
20 23 0.000038700
20 24 0.000038700
20 25 0.000038700
20 26 0.000038700
20 27 0.000038700
20 28 0.000038700
20 29 0.000038700
20 30 0.000038700
20 31 0.000038700
20 32 0.000038700
20 33 0.000038700
20 34 0.000038700
20 35 0.000038700
20 36 0.000038700
20 37 0.000038700
20 38 0.000038700
20 39 0.000038700
20 40 0.000038700
20 41 0.000038700
20 42 0.000038700
20 43 0.000038700
20 44 0.000038700
20 45 0.000038700
20 46 0.000038700
20 47 0.000038700
20 48 0.000038700
20 49 0.000038700
20 50 0.000038700
20 51 0.000038700
20 52 0.000038700
20 53 0.000038700
20 54 0.000038700
20 55 0.000038700
20 56 0.000038700
20 57 0.000038700
20 58 0.000038700
20 59 0.000038700
20 60 0.000038700
20 61 0.000038700
20 62 0.000038700
20 63 0.000038700
21 0 0.000038700
21 1 0.000038700
21 2 0.000038700
21 3 0.000038700
21 4 0.000038700
21 5 0.000038700
21 6 0.000038700
21 7 0.000038700
21 8 0.000038700
21 9 0.000038700
21 10 0.000038700
21 11 0.000038700
21 12 0.000038700
21 13 0.000038700
21 14 0.000038700
21 15 0.000038700
21 16 0.000038700
21 17 0.000038700
21 18 0.000038700
21 19 0.000038700
21 20 0.000038700
21 22 0.000038700
21 23 0.000038700
21 24 0.000038700
21 25 0.000038700
21 26 0.000038700
21 27 0.000038700
21 28 0.000038700
21 29 0.000038700
21 30 0.000038700
21 31 0.000038700
21 32 0.000038700
21 33 0.000038700
21 34 0.000038700
21 35 0.000038700
21 36 0.000038700
21 37 0.000038700
21 38 0.000038700
21 39 0.000038700
21 40 0.000038700
21 41 0.000038700
21 42 0.000038700
21 43 0.000038700
21 44 0.000038700
21 45 0.000038700
21 46 0.000038700
21 47 0.000038700
21 48 0.000038700
21 49 0.000038700
21 50 0.000038700
21 51 0.000038700
21 52 0.000038700
21 53 0.000038700
21 54 0.000038700
21 55 0.000038700
21 56 0.000038700
21 57 0.000038700
21 58 0.000038700
21 59 0.000038700
21 60 0.000038700
21 61 0.000038700
21 62 0.000038700
21 63 0.000038700
22 0 0.000038700
22 1 0.000038700
22 2 0.000038700
22 3 0.000038700
22 4 0.000038700
22 5 0.000038700
22 6 0.000038700
22 7 0.000038700
22 8 0.000038700
22 9 0.000038700
22 10 0.000038700
22 11 0.000038700
22 12 0.000038700
22 13 0.000038700
22 14 0.000038700
22 15 0.000038700
22 16 0.000038700
22 17 0.000038700
22 18 0.000038700
22 19 0.000038700
22 20 0.000038700
22 21 0.000038700
22 23 0.000038700
22 24 0.000038700
22 25 0.000038700
22 26 0.000038700
22 27 0.000038700
22 28 0.000038700
22 29 0.000038700
22 30 0.000038700
22 31 0.000038700
22 32 0.000038700
22 33 0.000038700
22 34 0.000038700
22 35 0.000038700
22 36 0.000038700
22 37 0.000038700
22 38 0.000038700
22 39 0.000038700
22 40 0.000038700
22 41 0.000038700
22 42 0.000038700
22 43 0.000038700
22 44 0.000038700
22 45 0.000038700
22 46 0.000038700
22 47 0.000038700
22 48 0.000038700
22 49 0.000038700
22 50 0.000038700
22 51 0.000038700
22 52 0.000038700
22 53 0.000038700
22 54 0.000038700
22 55 0.000038700
22 56 0.000038700
22 57 0.000038700
22 58 0.000038700
22 59 0.000038700
22 60 0.000038700
22 61 0.000038700
22 62 0.000038700
22 63 0.000038700
23 0 0.000038700
23 1 0.000038700
23 2 0.000038700
23 3 0.000038700
23 4 0.000038700
23 5 0.000038700
23 6 0.000038700
23 7 0.000038700
23 8 0.000038700
23 9 0.000038700
23 10 0.000038700
23 11 0.000038700
23 12 0.000038700
23 13 0.000038700
23 14 0.000038700
23 15 0.000038700
23 16 0.000038700
23 17 0.000038700
23 18 0.000038700
23 19 0.000038700
23 20 0.000038700
23 21 0.000038700
23 22 0.000038700
23 24 0.000038700
23 25 0.000038700
23 26 0.000038700
23 27 0.000038700
23 28 0.000038700
23 29 0.000038700
23 30 0.000038700
23 31 0.000038700
23 32 0.000038700
23 33 0.000038700
23 34 0.000038700
23 35 0.000038700
23 36 0.000038700
23 37 0.000038700
23 38 0.000038700
23 39 0.000038700
23 40 0.000038700
23 41 0.000038700
23 42 0.000038700
23 43 0.000038700
23 44 0.000038700
23 45 0.000038700
23 46 0.000038700
23 47 0.000038700
23 48 0.000038700
23 49 0.000038700
23 50 0.000038700
23 51 0.000038700
23 52 0.000038700
23 53 0.000038700
23 54 0.000038700
23 55 0.000038700
23 56 0.000038700
23 57 0.000038700
23 58 0.000038700
23 59 0.000038700
23 60 0.000038700
23 61 0.000038700
23 62 0.000038700
23 63 0.000038700
24 0 0.000038700
24 1 0.000038700
24 2 0.000038700
24 3 0.000038700
24 4 0.000038700
24 5 0.000038700
24 6 0.000038700
24 7 0.000038700
24 8 0.000038700
24 9 0.000038700
24 10 0.000038700
24 11 0.000038700
24 12 0.000038700
24 13 0.000038700
24 14 0.000038700
24 15 0.000038700
24 16 0.000038700
24 17 0.000038700
24 18 0.000038700
24 19 0.000038700
24 20 0.000038700
24 21 0.000038700
24 22 0.000038700
24 23 0.000038700
24 25 0.000038700
24 26 0.000038700
24 27 0.000038700
24 28 0.000038700
24 29 0.000038700
24 30 0.000038700
24 31 0.000038700
24 32 0.000038700
24 33 0.000038700
24 34 0.000038700
24 35 0.000038700
24 36 0.000038700
24 37 0.000038700
24 38 0.000038700
24 39 0.000038700
24 40 0.000038700
24 41 0.000038700
24 42 0.000038700
24 43 0.000038700
24 44 0.000038700
24 45 0.000038700
24 46 0.000038700
24 47 0.000038700
24 48 0.000038700
24 49 0.000038700
24 50 0.000038700
24 51 0.000038700
24 52 0.000038700
24 53 0.000038700
24 54 0.000038700
24 55 0.000038700
24 56 0.000038700
24 57 0.000038700
24 58 0.000038700
24 59 0.000038700
24 60 0.000038700
24 61 0.000038700
24 62 0.000038700
24 63 0.000038700
25 0 0.000038700
25 1 0.000038700
25 2 0.000038700
25 3 0.000038700
25 4 0.000038700
25 5 0.000038700
25 6 0.000038700
25 7 0.000038700
25 8 0.000038700
25 9 0.000038700
25 10 0.000038700
25 11 0.000038700
25 12 0.000038700
25 13 0.000038700
25 14 0.000038700
25 15 0.000038700
25 16 0.000038700
25 17 0.000038700
25 18 0.000038700
25 19 0.000038700
25 20 0.000038700
25 21 0.000038700
25 22 0.000038700
25 23 0.000038700
25 24 0.000038700
25 26 0.000038700
25 27 0.000038700
25 28 0.000038700
25 29 0.000038700
25 30 0.000038700
25 31 0.000038700
25 32 0.000038700
25 33 0.000038700
25 34 0.000038700
25 35 0.000038700
25 36 0.000038700
25 37 0.000038700
25 38 0.000038700
25 39 0.000038700
25 40 0.000038700
25 41 0.000038700
25 42 0.000038700
25 43 0.000038700
25 44 0.000038700
25 45 0.000038700
25 46 0.000038700
25 47 0.000038700
25 48 0.000038700
25 49 0.000038700
25 50 0.000038700
25 51 0.000038700
25 52 0.000038700
25 53 0.000038700
25 54 0.000038700
25 55 0.000038700
25 56 0.000038700
25 57 0.000038700
25 58 0.000038700
25 59 0.000038700
25 60 0.000038700
25 61 0.000038700
25 62 0.000038700
25 63 0.000038700
26 0 0.000038700
26 1 0.000038700
26 2 0.000038700
26 3 0.000038700
26 4 0.000038700
26 5 0.000038700
26 6 0.000038700
26 7 0.000038700
26 8 0.000038700
26 9 0.000038700
26 10 0.000038700
26 11 0.000038700
26 12 0.000038700
26 13 0.000038700
26 14 0.000038700
26 15 0.000038700
26 16 0.000038700
26 17 0.000038700
26 18 0.000038700
26 19 0.000038700
26 20 0.000038700
26 21 0.000038700
26 22 0.000038700
26 23 0.000038700
26 24 0.000038700
26 25 0.000038700
26 27 0.000038700
26 28 0.000038700
26 29 0.000038700
26 30 0.000038700
26 31 0.000038700
26 32 0.000038700
26 33 0.000038700
26 34 0.000038700
26 35 0.000038700
26 36 0.000038700
26 37 0.000038700
26 38 0.000038700
26 39 0.000038700
26 40 0.000038700
26 41 0.000038700
26 42 0.000038700
26 43 0.000038700
26 44 0.000038700
26 45 0.000038700
26 46 0.000038700
26 47 0.000038700
26 48 0.000038700
26 49 0.000038700
26 50 0.000038700
26 51 0.000038700
26 52 0.000038700
26 53 0.000038700
26 54 0.000038700
26 55 0.000038700
26 56 0.000038700
26 57 0.000038700
26 58 0.000038700
26 59 0.000038700
26 60 0.000038700
26 61 0.000038700
26 62 0.000038700
26 63 0.000038700
27 0 0.000038700
27 1 0.000038700
27 2 0.000038700
27 3 0.000038700
27 4 0.000038700
27 5 0.000038700
27 6 0.000038700
27 7 0.000038700
27 8 0.000038700
27 9 0.000038700
27 10 0.000038700
27 11 0.000038700
27 12 0.000038700
27 13 0.000038700
27 14 0.000038700
27 15 0.000038700
27 16 0.000038700
27 17 0.000038700
27 18 0.000038700
27 19 0.000038700
27 20 0.000038700
27 21 0.000038700
27 22 0.000038700
27 23 0.000038700
27 24 0.000038700
27 25 0.000038700
27 26 0.000038700
27 28 0.000038700
27 29 0.000038700
27 30 0.000038700
27 31 0.000038700
27 32 0.000038700
27 33 0.000038700
27 34 0.000038700
27 35 0.000038700
27 36 0.000038700
27 37 0.000038700
27 38 0.000038700
27 39 0.000038700
27 40 0.000038700
27 41 0.000038700
27 42 0.000038700
27 43 0.000038700
27 44 0.000038700
27 45 0.000038700
27 46 0.000038700
27 47 0.000038700
27 48 0.000038700
27 49 0.000038700
27 50 0.000038700
27 51 0.000038700
27 52 0.000038700
27 53 0.000038700
27 54 0.000038700
27 55 0.000038700
27 56 0.000038700
27 57 0.000038700
27 58 0.000038700
27 59 0.000038700
27 60 0.000038700
27 61 0.000038700
27 62 0.000038700
27 63 0.000038700
28 0 0.000038700
28 1 0.000038700
28 2 0.000038700
28 3 0.000038700
28 4 0.000038700
28 5 0.000038700
28 6 0.000038700
28 7 0.000038700
28 8 0.000038700
28 9 0.000038700
28 10 0.000038700
28 11 0.000038700
28 12 0.000038700
28 13 0.000038700
28 14 0.000038700
28 15 0.000038700
28 16 0.000038700
28 17 0.000038700
28 18 0.000038700
28 19 0.000038700
28 20 0.000038700
28 21 0.000038700
28 22 0.000038700
28 23 0.000038700
28 24 0.000038700
28 25 0.000038700
28 26 0.000038700
28 27 0.000038700
28 29 0.000038700
28 30 0.000038700
28 31 0.000038700
28 32 0.000038700
28 33 0.000038700
28 34 0.000038700
28 35 0.000038700
28 36 0.000038700
28 37 0.000038700
28 38 0.000038700
28 39 0.000038700
28 40 0.000038700
28 41 0.000038700
28 42 0.000038700
28 43 0.000038700
28 44 0.000038700
28 45 0.000038700
28 46 0.000038700
28 47 0.000038700
28 48 0.000038700
28 49 0.000038700
28 50 0.000038700
28 51 0.000038700
28 52 0.000038700
28 53 0.000038700
28 54 0.000038700
28 55 0.000038700
28 56 0.000038700
28 57 0.000038700
28 58 0.000038700
28 59 0.000038700
28 60 0.000038700
28 61 0.000038700
28 62 0.000038700
28 63 0.000038700
29 0 0.000038700
29 1 0.000038700
29 2 0.000038700
29 3 0.000038700
29 4 0.000038700
29 5 0.000038700
29 6 0.000038700
29 7 0.000038700
29 8 0.000038700
29 9 0.000038700
29 10 0.000038700
29 11 0.000038700
29 12 0.000038700
29 13 0.000038700
29 14 0.000038700
29 15 0.000038700
29 16 0.000038700
29 17 0.000038700
29 18 0.000038700
29 19 0.000038700
29 20 0.000038700
29 21 0.000038700
29 22 0.000038700
29 23 0.000038700
29 24 0.000038700
29 25 0.000038700
29 26 0.000038700
29 27 0.000038700
29 28 0.000038700
29 30 0.000038700
29 31 0.000038700
29 32 0.000038700
29 33 0.000038700
29 34 0.000038700
29 35 0.000038700
29 36 0.000038700
29 37 0.000038700
29 38 0.000038700
29 39 0.000038700
29 40 0.000038700
29 41 0.000038700
29 42 0.000038700
29 43 0.000038700
29 44 0.000038700
29 45 0.000038700
29 46 0.000038700
29 47 0.000038700
29 48 0.000038700
29 49 0.000038700
29 50 0.000038700
29 51 0.000038700
29 52 0.000038700
29 53 0.000038700
29 54 0.000038700
29 55 0.000038700
29 56 0.000038700
29 57 0.000038700
29 58 0.000038700
29 59 0.000038700
29 60 0.000038700
29 61 0.000038700
29 62 0.000038700
29 63 0.000038700
30 0 0.000038700
30 1 0.000038700
30 2 0.000038700
30 3 0.000038700
30 4 0.000038700
30 5 0.000038700
30 6 0.000038700
30 7 0.000038700
30 8 0.000038700
30 9 0.000038700
30 10 0.000038700
30 11 0.000038700
30 12 0.000038700
30 13 0.000038700
30 14 0.000038700
30 15 0.000038700
30 16 0.000038700
30 17 0.000038700
30 18 0.000038700
30 19 0.000038700
30 20 0.000038700
30 21 0.000038700
30 22 0.000038700
30 23 0.000038700
30 24 0.000038700
30 25 0.000038700
30 26 0.000038700
30 27 0.000038700
30 28 0.000038700
30 29 0.000038700
30 31 0.000038700
30 32 0.000038700
30 33 0.000038700
30 34 0.000038700
30 35 0.000038700
30 36 0.000038700
30 37 0.000038700
30 38 0.000038700
30 39 0.000038700
30 40 0.000038700
30 41 0.000038700
30 42 0.000038700
30 43 0.000038700
30 44 0.000038700
30 45 0.000038700
30 46 0.000038700
30 47 0.000038700
30 48 0.000038700
30 49 0.000038700
30 50 0.000038700
30 51 0.000038700
30 52 0.000038700
30 53 0.000038700
30 54 0.000038700
30 55 0.000038700
30 56 0.000038700
30 57 0.000038700
30 58 0.000038700
30 59 0.000038700
30 60 0.000038700
30 61 0.000038700
30 62 0.000038700
30 63 0.000038700
31 0 0.000038700
31 1 0.000038700
31 2 0.000038700
31 3 0.000038700
31 4 0.000038700
31 5 0.000038700
31 6 0.000038700
31 7 0.000038700
31 8 0.000038700
31 9 0.000038700
31 10 0.000038700
31 11 0.000038700
31 12 0.000038700
31 13 0.000038700
31 14 0.000038700
31 15 0.000038700
31 16 0.000038700
31 17 0.000038700
31 18 0.000038700
31 19 0.000038700
31 20 0.000038700
31 21 0.000038700
31 22 0.000038700
31 23 0.000038700
31 24 0.000038700
31 25 0.000038700
31 26 0.000038700
31 27 0.000038700
31 28 0.000038700
31 29 0.000038700
31 30 0.000038700
31 32 0.000038700
31 33 0.000038700
31 34 0.000038700
31 35 0.000038700
31 36 0.000038700
31 37 0.000038700
31 38 0.000038700
31 39 0.000038700
31 40 0.000038700
31 41 0.000038700
31 42 0.000038700
31 43 0.000038700
31 44 0.000038700
31 45 0.000038700
31 46 0.000038700
31 47 0.000038700
31 48 0.000038700
31 49 0.000038700
31 50 0.000038700
31 51 0.000038700
31 52 0.000038700
31 53 0.000038700
31 54 0.000038700
31 55 0.000038700
31 56 0.000038700
31 57 0.000038700
31 58 0.000038700
31 59 0.000038700
31 60 0.000038700
31 61 0.000038700
31 62 0.000038700
31 63 0.000038700
32 0 0.000038700
32 1 0.000038700
32 2 0.000038700
32 3 0.000038700
32 4 0.000038700
32 5 0.000038700
32 6 0.000038700
32 7 0.000038700
32 8 0.000038700
32 9 0.000038700
32 10 0.000038700
32 11 0.000038700
32 12 0.000038700
32 13 0.000038700
32 14 0.000038700
32 15 0.000038700
32 16 0.000038700
32 17 0.000038700
32 18 0.000038700
32 19 0.000038700
32 20 0.000038700
32 21 0.000038700
32 22 0.000038700
32 23 0.000038700
32 24 0.000038700
32 25 0.000038700
32 26 0.000038700
32 27 0.000038700
32 28 0.000038700
32 29 0.000038700
32 30 0.000038700
32 31 0.000038700
32 33 0.000038700
32 34 0.000038700
32 35 0.000038700
32 36 0.000038700
32 37 0.000038700
32 38 0.000038700
32 39 0.000038700
32 40 0.000038700
32 41 0.000038700
32 42 0.000038700
32 43 0.000038700
32 44 0.000038700
32 45 0.000038700
32 46 0.000038700
32 47 0.000038700
32 48 0.000038700
32 49 0.000038700
32 50 0.000038700
32 51 0.000038700
32 52 0.000038700
32 53 0.000038700
32 54 0.000038700
32 55 0.000038700
32 56 0.000038700
32 57 0.000038700
32 58 0.000038700
32 59 0.000038700
32 60 0.000038700
32 61 0.000038700
32 62 0.000038700
32 63 0.000038700
33 0 0.000038700
33 1 0.000038700
33 2 0.000038700
33 3 0.000038700
33 4 0.000038700
33 5 0.000038700
33 6 0.000038700
33 7 0.000038700
33 8 0.000038700
33 9 0.000038700
33 10 0.000038700
33 11 0.000038700
33 12 0.000038700
33 13 0.000038700
33 14 0.000038700
33 15 0.000038700
33 16 0.000038700
33 17 0.000038700
33 18 0.000038700
33 19 0.000038700
33 20 0.000038700
33 21 0.000038700
33 22 0.000038700
33 23 0.000038700
33 24 0.000038700
33 25 0.000038700
33 26 0.000038700
33 27 0.000038700
33 28 0.000038700
33 29 0.000038700
33 30 0.000038700
33 31 0.000038700
33 32 0.000038700
33 34 0.000038700
33 35 0.000038700
33 36 0.000038700
33 37 0.000038700
33 38 0.000038700
33 39 0.000038700
33 40 0.000038700
33 41 0.000038700
33 42 0.000038700
33 43 0.000038700
33 44 0.000038700
33 45 0.000038700
33 46 0.000038700
33 47 0.000038700
33 48 0.000038700
33 49 0.000038700
33 50 0.000038700
33 51 0.000038700
33 52 0.000038700
33 53 0.000038700
33 54 0.000038700
33 55 0.000038700
33 56 0.000038700
33 57 0.000038700
33 58 0.000038700
33 59 0.000038700
33 60 0.000038700
33 61 0.000038700
33 62 0.000038700
33 63 0.000038700
34 0 0.000038700
34 1 0.000038700
34 2 0.000038700
34 3 0.000038700
34 4 0.000038700
34 5 0.000038700
34 6 0.000038700
34 7 0.000038700
34 8 0.000038700
34 9 0.000038700
34 10 0.000038700
34 11 0.000038700
34 12 0.000038700
34 13 0.000038700
34 14 0.000038700
34 15 0.000038700
34 16 0.000038700
34 17 0.000038700
34 18 0.000038700
34 19 0.000038700
34 20 0.000038700
34 21 0.000038700
34 22 0.000038700
34 23 0.000038700
34 24 0.000038700
34 25 0.000038700
34 26 0.000038700
34 27 0.000038700
34 28 0.000038700
34 29 0.000038700
34 30 0.000038700
34 31 0.000038700
34 32 0.000038700
34 33 0.000038700
34 35 0.000038700
34 36 0.000038700
34 37 0.000038700
34 38 0.000038700
34 39 0.000038700
34 40 0.000038700
34 41 0.000038700
34 42 0.000038700
34 43 0.000038700
34 44 0.000038700
34 45 0.000038700
34 46 0.000038700
34 47 0.000038700
34 48 0.000038700
34 49 0.000038700
34 50 0.000038700
34 51 0.000038700
34 52 0.000038700
34 53 0.000038700
34 54 0.000038700
34 55 0.000038700
34 56 0.000038700
34 57 0.000038700
34 58 0.000038700
34 59 0.000038700
34 60 0.000038700
34 61 0.000038700
34 62 0.000038700
34 63 0.000038700
35 0 0.000038700
35 1 0.000038700
35 2 0.000038700
35 3 0.000038700
35 4 0.000038700
35 5 0.000038700
35 6 0.000038700
35 7 0.000038700
35 8 0.000038700
35 9 0.000038700
35 10 0.000038700
35 11 0.000038700
35 12 0.000038700
35 13 0.000038700
35 14 0.000038700
35 15 0.000038700
35 16 0.000038700
35 17 0.000038700
35 18 0.000038700
35 19 0.000038700
35 20 0.000038700
35 21 0.000038700
35 22 0.000038700
35 23 0.000038700
35 24 0.000038700
35 25 0.000038700
35 26 0.000038700
35 27 0.000038700
35 28 0.000038700
35 29 0.000038700
35 30 0.000038700
35 31 0.000038700
35 32 0.000038700
35 33 0.000038700
35 34 0.000038700
35 36 0.000038700
35 37 0.000038700
35 38 0.000038700
35 39 0.000038700
35 40 0.000038700
35 41 0.000038700
35 42 0.000038700
35 43 0.000038700
35 44 0.000038700
35 45 0.000038700
35 46 0.000038700
35 47 0.000038700
35 48 0.000038700
35 49 0.000038700
35 50 0.000038700
35 51 0.000038700
35 52 0.000038700
35 53 0.000038700
35 54 0.000038700
35 55 0.000038700
35 56 0.000038700
35 57 0.000038700
35 58 0.000038700
35 59 0.000038700
35 60 0.000038700
35 61 0.000038700
35 62 0.000038700
35 63 0.000038700
36 0 0.000038700
36 1 0.000038700
36 2 0.000038700
36 3 0.000038700
36 4 0.000038700
36 5 0.000038700
36 6 0.000038700
36 7 0.000038700
36 8 0.000038700
36 9 0.000038700
36 10 0.000038700
36 11 0.000038700
36 12 0.000038700
36 13 0.000038700
36 14 0.000038700
36 15 0.000038700
36 16 0.000038700
36 17 0.000038700
36 18 0.000038700
36 19 0.000038700
36 20 0.000038700
36 21 0.000038700
36 22 0.000038700
36 23 0.000038700
36 24 0.000038700
36 25 0.000038700
36 26 0.000038700
36 27 0.000038700
36 28 0.000038700
36 29 0.000038700
36 30 0.000038700
36 31 0.000038700
36 32 0.000038700
36 33 0.000038700
36 34 0.000038700
36 35 0.000038700
36 37 0.000038700
36 38 0.000038700
36 39 0.000038700
36 40 0.000038700
36 41 0.000038700
36 42 0.000038700
36 43 0.000038700
36 44 0.000038700
36 45 0.000038700
36 46 0.000038700
36 47 0.000038700
36 48 0.000038700
36 49 0.000038700
36 50 0.000038700
36 51 0.000038700
36 52 0.000038700
36 53 0.000038700
36 54 0.000038700
36 55 0.000038700
36 56 0.000038700
36 57 0.000038700
36 58 0.000038700
36 59 0.000038700
36 60 0.000038700
36 61 0.000038700
36 62 0.000038700
36 63 0.000038700
37 0 0.000038700
37 1 0.000038700
37 2 0.000038700
37 3 0.000038700
37 4 0.000038700
37 5 0.000038700
37 6 0.000038700
37 7 0.000038700
37 8 0.000038700
37 9 0.000038700
37 10 0.000038700
37 11 0.000038700
37 12 0.000038700
37 13 0.000038700
37 14 0.000038700
37 15 0.000038700
37 16 0.000038700
37 17 0.000038700
37 18 0.000038700
37 19 0.000038700
37 20 0.000038700
37 21 0.000038700
37 22 0.000038700
37 23 0.000038700
37 24 0.000038700
37 25 0.000038700
37 26 0.000038700
37 27 0.000038700
37 28 0.000038700
37 29 0.000038700
37 30 0.000038700
37 31 0.000038700
37 32 0.000038700
37 33 0.000038700
37 34 0.000038700
37 35 0.000038700
37 36 0.000038700
37 38 0.000038700
37 39 0.000038700
37 40 0.000038700
37 41 0.000038700
37 42 0.000038700
37 43 0.000038700
37 44 0.000038700
37 45 0.000038700
37 46 0.000038700
37 47 0.000038700
37 48 0.000038700
37 49 0.000038700
37 50 0.000038700
37 51 0.000038700
37 52 0.000038700
37 53 0.000038700
37 54 0.000038700
37 55 0.000038700
37 56 0.000038700
37 57 0.000038700
37 58 0.000038700
37 59 0.000038700
37 60 0.000038700
37 61 0.000038700
37 62 0.000038700
37 63 0.000038700
38 0 0.000038700
38 1 0.000038700
38 2 0.000038700
38 3 0.000038700
38 4 0.000038700
38 5 0.000038700
38 6 0.000038700
38 7 0.000038700
38 8 0.000038700
38 9 0.000038700
38 10 0.000038700
38 11 0.000038700
38 12 0.000038700
38 13 0.000038700
38 14 0.000038700
38 15 0.000038700
38 16 0.000038700
38 17 0.000038700
38 18 0.000038700
38 19 0.000038700
38 20 0.000038700
38 21 0.000038700
38 22 0.000038700
38 23 0.000038700
38 24 0.000038700
38 25 0.000038700
38 26 0.000038700
38 27 0.000038700
38 28 0.000038700
38 29 0.000038700
38 30 0.000038700
38 31 0.000038700
38 32 0.000038700
38 33 0.000038700
38 34 0.000038700
38 35 0.000038700
38 36 0.000038700
38 37 0.000038700
38 39 0.000038700
38 40 0.000038700
38 41 0.000038700
38 42 0.000038700
38 43 0.000038700
38 44 0.000038700
38 45 0.000038700
38 46 0.000038700
38 47 0.000038700
38 48 0.000038700
38 49 0.000038700
38 50 0.000038700
38 51 0.000038700
38 52 0.000038700
38 53 0.000038700
38 54 0.000038700
38 55 0.000038700
38 56 0.000038700
38 57 0.000038700
38 58 0.000038700
38 59 0.000038700
38 60 0.000038700
38 61 0.000038700
38 62 0.000038700
38 63 0.000038700
39 0 0.000038700
39 1 0.000038700
39 2 0.000038700
39 3 0.000038700
39 4 0.000038700
39 5 0.000038700
39 6 0.000038700
39 7 0.000038700
39 8 0.000038700
39 9 0.000038700
39 10 0.000038700
39 11 0.000038700
39 12 0.000038700
39 13 0.000038700
39 14 0.000038700
39 15 0.000038700
39 16 0.000038700
39 17 0.000038700
39 18 0.000038700
39 19 0.000038700
39 20 0.000038700
39 21 0.000038700
39 22 0.000038700
39 23 0.000038700
39 24 0.000038700
39 25 0.000038700
39 26 0.000038700
39 27 0.000038700
39 28 0.000038700
39 29 0.000038700
39 30 0.000038700
39 31 0.000038700
39 32 0.000038700
39 33 0.000038700
39 34 0.000038700
39 35 0.000038700
39 36 0.000038700
39 37 0.000038700
39 38 0.000038700
39 40 0.000038700
39 41 0.000038700
39 42 0.000038700
39 43 0.000038700
39 44 0.000038700
39 45 0.000038700
39 46 0.000038700
39 47 0.000038700
39 48 0.000038700
39 49 0.000038700
39 50 0.000038700
39 51 0.000038700
39 52 0.000038700
39 53 0.000038700
39 54 0.000038700
39 55 0.000038700
39 56 0.000038700
39 57 0.000038700
39 58 0.000038700
39 59 0.000038700
39 60 0.000038700
39 61 0.000038700
39 62 0.000038700
39 63 0.000038700
40 0 0.000038700
40 1 0.000038700
40 2 0.000038700
40 3 0.000038700
40 4 0.000038700
40 5 0.000038700
40 6 0.000038700
40 7 0.000038700
40 8 0.000038700
40 9 0.000038700
40 10 0.000038700
40 11 0.000038700
40 12 0.000038700
40 13 0.000038700
40 14 0.000038700
40 15 0.000038700
40 16 0.000038700
40 17 0.000038700
40 18 0.000038700
40 19 0.000038700
40 20 0.000038700
40 21 0.000038700
40 22 0.000038700
40 23 0.000038700
40 24 0.000038700
40 25 0.000038700
40 26 0.000038700
40 27 0.000038700
40 28 0.000038700
40 29 0.000038700
40 30 0.000038700
40 31 0.000038700
40 32 0.000038700
40 33 0.000038700
40 34 0.000038700
40 35 0.000038700
40 36 0.000038700
40 37 0.000038700
40 38 0.000038700
40 39 0.000038700
40 41 0.000038700
40 42 0.000038700
40 43 0.000038700
40 44 0.000038700
40 45 0.000038700
40 46 0.000038700
40 47 0.000038700
40 48 0.000038700
40 49 0.000038700
40 50 0.000038700
40 51 0.000038700
40 52 0.000038700
40 53 0.000038700
40 54 0.000038700
40 55 0.000038700
40 56 0.000038700
40 57 0.000038700
40 58 0.000038700
40 59 0.000038700
40 60 0.000038700
40 61 0.000038700
40 62 0.000038700
40 63 0.000038700
41 0 0.000038700
41 1 0.000038700
41 2 0.000038700
41 3 0.000038700
41 4 0.000038700
41 5 0.000038700
41 6 0.000038700
41 7 0.000038700
41 8 0.000038700
41 9 0.000038700
41 10 0.000038700
41 11 0.000038700
41 12 0.000038700
41 13 0.000038700
41 14 0.000038700
41 15 0.000038700
41 16 0.000038700
41 17 0.000038700
41 18 0.000038700
41 19 0.000038700
41 20 0.000038700
41 21 0.000038700
41 22 0.000038700
41 23 0.000038700
41 24 0.000038700
41 25 0.000038700
41 26 0.000038700
41 27 0.000038700
41 28 0.000038700
41 29 0.000038700
41 30 0.000038700
41 31 0.000038700
41 32 0.000038700
41 33 0.000038700
41 34 0.000038700
41 35 0.000038700
41 36 0.000038700
41 37 0.000038700
41 38 0.000038700
41 39 0.000038700
41 40 0.000038700
41 42 0.000038700
41 43 0.000038700
41 44 0.000038700
41 45 0.000038700
41 46 0.000038700
41 47 0.000038700
41 48 0.000038700
41 49 0.000038700
41 50 0.000038700
41 51 0.000038700
41 52 0.000038700
41 53 0.000038700
41 54 0.000038700
41 55 0.000038700
41 56 0.000038700
41 57 0.000038700
41 58 0.000038700
41 59 0.000038700
41 60 0.000038700
41 61 0.000038700
41 62 0.000038700
41 63 0.000038700
42 0 0.000038700
42 1 0.000038700
42 2 0.000038700
42 3 0.000038700
42 4 0.000038700
42 5 0.000038700
42 6 0.000038700
42 7 0.000038700
42 8 0.000038700
42 9 0.000038700
42 10 0.000038700
42 11 0.000038700
42 12 0.000038700
42 13 0.000038700
42 14 0.000038700
42 15 0.000038700
42 16 0.000038700
42 17 0.000038700
42 18 0.000038700
42 19 0.000038700
42 20 0.000038700
42 21 0.000038700
42 22 0.000038700
42 23 0.000038700
42 24 0.000038700
42 25 0.000038700
42 26 0.000038700
42 27 0.000038700
42 28 0.000038700
42 29 0.000038700
42 30 0.000038700
42 31 0.000038700
42 32 0.000038700
42 33 0.000038700
42 34 0.000038700
42 35 0.000038700
42 36 0.000038700
42 37 0.000038700
42 38 0.000038700
42 39 0.000038700
42 40 0.000038700
42 41 0.000038700
42 43 0.000038700
42 44 0.000038700
42 45 0.000038700
42 46 0.000038700
42 47 0.000038700
42 48 0.000038700
42 49 0.000038700
42 50 0.000038700
42 51 0.000038700
42 52 0.000038700
42 53 0.000038700
42 54 0.000038700
42 55 0.000038700
42 56 0.000038700
42 57 0.000038700
42 58 0.000038700
42 59 0.000038700
42 60 0.000038700
42 61 0.000038700
42 62 0.000038700
42 63 0.000038700
43 0 0.000038700
43 1 0.000038700
43 2 0.000038700
43 3 0.000038700
43 4 0.000038700
43 5 0.000038700
43 6 0.000038700
43 7 0.000038700
43 8 0.000038700
43 9 0.000038700
43 10 0.000038700
43 11 0.000038700
43 12 0.000038700
43 13 0.000038700
43 14 0.000038700
43 15 0.000038700
43 16 0.000038700
43 17 0.000038700
43 18 0.000038700
43 19 0.000038700
43 20 0.000038700
43 21 0.000038700
43 22 0.000038700
43 23 0.000038700
43 24 0.000038700
43 25 0.000038700
43 26 0.000038700
43 27 0.000038700
43 28 0.000038700
43 29 0.000038700
43 30 0.000038700
43 31 0.000038700
43 32 0.000038700
43 33 0.000038700
43 34 0.000038700
43 35 0.000038700
43 36 0.000038700
43 37 0.000038700
43 38 0.000038700
43 39 0.000038700
43 40 0.000038700
43 41 0.000038700
43 42 0.000038700
43 44 0.000038700
43 45 0.000038700
43 46 0.000038700
43 47 0.000038700
43 48 0.000038700
43 49 0.000038700
43 50 0.000038700
43 51 0.000038700
43 52 0.000038700
43 53 0.000038700
43 54 0.000038700
43 55 0.000038700
43 56 0.000038700
43 57 0.000038700
43 58 0.000038700
43 59 0.000038700
43 60 0.000038700
43 61 0.000038700
43 62 0.000038700
43 63 0.000038700
44 0 0.000038700
44 1 0.000038700
44 2 0.000038700
44 3 0.000038700
44 4 0.000038700
44 5 0.000038700
44 6 0.000038700
44 7 0.000038700
44 8 0.000038700
44 9 0.000038700
44 10 0.000038700
44 11 0.000038700
44 12 0.000038700
44 13 0.000038700
44 14 0.000038700
44 15 0.000038700
44 16 0.000038700
44 17 0.000038700
44 18 0.000038700
44 19 0.000038700
44 20 0.000038700
44 21 0.000038700
44 22 0.000038700
44 23 0.000038700
44 24 0.000038700
44 25 0.000038700
44 26 0.000038700
44 27 0.000038700
44 28 0.000038700
44 29 0.000038700
44 30 0.000038700
44 31 0.000038700
44 32 0.000038700
44 33 0.000038700
44 34 0.000038700
44 35 0.000038700
44 36 0.000038700
44 37 0.000038700
44 38 0.000038700
44 39 0.000038700
44 40 0.000038700
44 41 0.000038700
44 42 0.000038700
44 43 0.000038700
44 45 0.000038700
44 46 0.000038700
44 47 0.000038700
44 48 0.000038700
44 49 0.000038700
44 50 0.000038700
44 51 0.000038700
44 52 0.000038700
44 53 0.000038700
44 54 0.000038700
44 55 0.000038700
44 56 0.000038700
44 57 0.000038700
44 58 0.000038700
44 59 0.000038700
44 60 0.000038700
44 61 0.000038700
44 62 0.000038700
44 63 0.000038700
45 0 0.000038700
45 1 0.000038700
45 2 0.000038700
45 3 0.000038700
45 4 0.000038700
45 5 0.000038700
45 6 0.000038700
45 7 0.000038700
45 8 0.000038700
45 9 0.000038700
45 10 0.000038700
45 11 0.000038700
45 12 0.000038700
45 13 0.000038700
45 14 0.000038700
45 15 0.000038700
45 16 0.000038700
45 17 0.000038700
45 18 0.000038700
45 19 0.000038700
45 20 0.000038700
45 21 0.000038700
45 22 0.000038700
45 23 0.000038700
45 24 0.000038700
45 25 0.000038700
45 26 0.000038700
45 27 0.000038700
45 28 0.000038700
45 29 0.000038700
45 30 0.000038700
45 31 0.000038700
45 32 0.000038700
45 33 0.000038700
45 34 0.000038700
45 35 0.000038700
45 36 0.000038700
45 37 0.000038700
45 38 0.000038700
45 39 0.000038700
45 40 0.000038700
45 41 0.000038700
45 42 0.000038700
45 43 0.000038700
45 44 0.000038700
45 46 0.000038700
45 47 0.000038700
45 48 0.000038700
45 49 0.000038700
45 50 0.000038700
45 51 0.000038700
45 52 0.000038700
45 53 0.000038700
45 54 0.000038700
45 55 0.000038700
45 56 0.000038700
45 57 0.000038700
45 58 0.000038700
45 59 0.000038700
45 60 0.000038700
45 61 0.000038700
45 62 0.000038700
45 63 0.000038700
46 0 0.000038700
46 1 0.000038700
46 2 0.000038700
46 3 0.000038700
46 4 0.000038700
46 5 0.000038700
46 6 0.000038700
46 7 0.000038700
46 8 0.000038700
46 9 0.000038700
46 10 0.000038700
46 11 0.000038700
46 12 0.000038700
46 13 0.000038700
46 14 0.000038700
46 15 0.000038700
46 16 0.000038700
46 17 0.000038700
46 18 0.000038700
46 19 0.000038700
46 20 0.000038700
46 21 0.000038700
46 22 0.000038700
46 23 0.000038700
46 24 0.000038700
46 25 0.000038700
46 26 0.000038700
46 27 0.000038700
46 28 0.000038700
46 29 0.000038700
46 30 0.000038700
46 31 0.000038700
46 32 0.000038700
46 33 0.000038700
46 34 0.000038700
46 35 0.000038700
46 36 0.000038700
46 37 0.000038700
46 38 0.000038700
46 39 0.000038700
46 40 0.000038700
46 41 0.000038700
46 42 0.000038700
46 43 0.000038700
46 44 0.000038700
46 45 0.000038700
46 47 0.000038700
46 48 0.000038700
46 49 0.000038700
46 50 0.000038700
46 51 0.000038700
46 52 0.000038700
46 53 0.000038700
46 54 0.000038700
46 55 0.000038700
46 56 0.000038700
46 57 0.000038700
46 58 0.000038700
46 59 0.000038700
46 60 0.000038700
46 61 0.000038700
46 62 0.000038700
46 63 0.000038700
47 0 0.000038700
47 1 0.000038700
47 2 0.000038700
47 3 0.000038700
47 4 0.000038700
47 5 0.000038700
47 6 0.000038700
47 7 0.000038700
47 8 0.000038700
47 9 0.000038700
47 10 0.000038700
47 11 0.000038700
47 12 0.000038700
47 13 0.000038700
47 14 0.000038700
47 15 0.000038700
47 16 0.000038700
47 17 0.000038700
47 18 0.000038700
47 19 0.000038700
47 20 0.000038700
47 21 0.000038700
47 22 0.000038700
47 23 0.000038700
47 24 0.000038700
47 25 0.000038700
47 26 0.000038700
47 27 0.000038700
47 28 0.000038700
47 29 0.000038700
47 30 0.000038700
47 31 0.000038700
47 32 0.000038700
47 33 0.000038700
47 34 0.000038700
47 35 0.000038700
47 36 0.000038700
47 37 0.000038700
47 38 0.000038700
47 39 0.000038700
47 40 0.000038700
47 41 0.000038700
47 42 0.000038700
47 43 0.000038700
47 44 0.000038700
47 45 0.000038700
47 46 0.000038700
47 48 0.000038700
47 49 0.000038700
47 50 0.000038700
47 51 0.000038700
47 52 0.000038700
47 53 0.000038700
47 54 0.000038700
47 55 0.000038700
47 56 0.000038700
47 57 0.000038700
47 58 0.000038700
47 59 0.000038700
47 60 0.000038700
47 61 0.000038700
47 62 0.000038700
47 63 0.000038700
48 0 0.000038700
48 1 0.000038700
48 2 0.000038700
48 3 0.000038700
48 4 0.000038700
48 5 0.000038700
48 6 0.000038700
48 7 0.000038700
48 8 0.000038700
48 9 0.000038700
48 10 0.000038700
48 11 0.000038700
48 12 0.000038700
48 13 0.000038700
48 14 0.000038700
48 15 0.000038700
48 16 0.000038700
48 17 0.000038700
48 18 0.000038700
48 19 0.000038700
48 20 0.000038700
48 21 0.000038700
48 22 0.000038700
48 23 0.000038700
48 24 0.000038700
48 25 0.000038700
48 26 0.000038700
48 27 0.000038700
48 28 0.000038700
48 29 0.000038700
48 30 0.000038700
48 31 0.000038700
48 32 0.000038700
48 33 0.000038700
48 34 0.000038700
48 35 0.000038700
48 36 0.000038700
48 37 0.000038700
48 38 0.000038700
48 39 0.000038700
48 40 0.000038700
48 41 0.000038700
48 42 0.000038700
48 43 0.000038700
48 44 0.000038700
48 45 0.000038700
48 46 0.000038700
48 47 0.000038700
48 49 0.000038700
48 50 0.000038700
48 51 0.000038700
48 52 0.000038700
48 53 0.000038700
48 54 0.000038700
48 55 0.000038700
48 56 0.000038700
48 57 0.000038700
48 58 0.000038700
48 59 0.000038700
48 60 0.000038700
48 61 0.000038700
48 62 0.000038700
48 63 0.000038700
49 0 0.000038700
49 1 0.000038700
49 2 0.000038700
49 3 0.000038700
49 4 0.000038700
49 5 0.000038700
49 6 0.000038700
49 7 0.000038700
49 8 0.000038700
49 9 0.000038700
49 10 0.000038700
49 11 0.000038700
49 12 0.000038700
49 13 0.000038700
49 14 0.000038700
49 15 0.000038700
49 16 0.000038700
49 17 0.000038700
49 18 0.000038700
49 19 0.000038700
49 20 0.000038700
49 21 0.000038700
49 22 0.000038700
49 23 0.000038700
49 24 0.000038700
49 25 0.000038700
49 26 0.000038700
49 27 0.000038700
49 28 0.000038700
49 29 0.000038700
49 30 0.000038700
49 31 0.000038700
49 32 0.000038700
49 33 0.000038700
49 34 0.000038700
49 35 0.000038700
49 36 0.000038700
49 37 0.000038700
49 38 0.000038700
49 39 0.000038700
49 40 0.000038700
49 41 0.000038700
49 42 0.000038700
49 43 0.000038700
49 44 0.000038700
49 45 0.000038700
49 46 0.000038700
49 47 0.000038700
49 48 0.000038700
49 50 0.000038700
49 51 0.000038700
49 52 0.000038700
49 53 0.000038700
49 54 0.000038700
49 55 0.000038700
49 56 0.000038700
49 57 0.000038700
49 58 0.000038700
49 59 0.000038700
49 60 0.000038700
49 61 0.000038700
49 62 0.000038700
49 63 0.000038700
50 0 0.000038700
50 1 0.000038700
50 2 0.000038700
50 3 0.000038700
50 4 0.000038700
50 5 0.000038700
50 6 0.000038700
50 7 0.000038700
50 8 0.000038700
50 9 0.000038700
50 10 0.000038700
50 11 0.000038700
50 12 0.000038700
50 13 0.000038700
50 14 0.000038700
50 15 0.000038700
50 16 0.000038700
50 17 0.000038700
50 18 0.000038700
50 19 0.000038700
50 20 0.000038700
50 21 0.000038700
50 22 0.000038700
50 23 0.000038700
50 24 0.000038700
50 25 0.000038700
50 26 0.000038700
50 27 0.000038700
50 28 0.000038700
50 29 0.000038700
50 30 0.000038700
50 31 0.000038700
50 32 0.000038700
50 33 0.000038700
50 34 0.000038700
50 35 0.000038700
50 36 0.000038700
50 37 0.000038700
50 38 0.000038700
50 39 0.000038700
50 40 0.000038700
50 41 0.000038700
50 42 0.000038700
50 43 0.000038700
50 44 0.000038700
50 45 0.000038700
50 46 0.000038700
50 47 0.000038700
50 48 0.000038700
50 49 0.000038700
50 51 0.000038700
50 52 0.000038700
50 53 0.000038700
50 54 0.000038700
50 55 0.000038700
50 56 0.000038700
50 57 0.000038700
50 58 0.000038700
50 59 0.000038700
50 60 0.000038700
50 61 0.000038700
50 62 0.000038700
50 63 0.000038700
51 0 0.000038700
51 1 0.000038700
51 2 0.000038700
51 3 0.000038700
51 4 0.000038700
51 5 0.000038700
51 6 0.000038700
51 7 0.000038700
51 8 0.000038700
51 9 0.000038700
51 10 0.000038700
51 11 0.000038700
51 12 0.000038700
51 13 0.000038700
51 14 0.000038700
51 15 0.000038700
51 16 0.000038700
51 17 0.000038700
51 18 0.000038700
51 19 0.000038700
51 20 0.000038700
51 21 0.000038700
51 22 0.000038700
51 23 0.000038700
51 24 0.000038700
51 25 0.000038700
51 26 0.000038700
51 27 0.000038700
51 28 0.000038700
51 29 0.000038700
51 30 0.000038700
51 31 0.000038700
51 32 0.000038700
51 33 0.000038700
51 34 0.000038700
51 35 0.000038700
51 36 0.000038700
51 37 0.000038700
51 38 0.000038700
51 39 0.000038700
51 40 0.000038700
51 41 0.000038700
51 42 0.000038700
51 43 0.000038700
51 44 0.000038700
51 45 0.000038700
51 46 0.000038700
51 47 0.000038700
51 48 0.000038700
51 49 0.000038700
51 50 0.000038700
51 52 0.000038700
51 53 0.000038700
51 54 0.000038700
51 55 0.000038700
51 56 0.000038700
51 57 0.000038700
51 58 0.000038700
51 59 0.000038700
51 60 0.000038700
51 61 0.000038700
51 62 0.000038700
51 63 0.000038700
52 0 0.000038700
52 1 0.000038700
52 2 0.000038700
52 3 0.000038700
52 4 0.000038700
52 5 0.000038700
52 6 0.000038700
52 7 0.000038700
52 8 0.000038700
52 9 0.000038700
52 10 0.000038700
52 11 0.000038700
52 12 0.000038700
52 13 0.000038700
52 14 0.000038700
52 15 0.000038700
52 16 0.000038700
52 17 0.000038700
52 18 0.000038700
52 19 0.000038700
52 20 0.000038700
52 21 0.000038700
52 22 0.000038700
52 23 0.000038700
52 24 0.000038700
52 25 0.000038700
52 26 0.000038700
52 27 0.000038700
52 28 0.000038700
52 29 0.000038700
52 30 0.000038700
52 31 0.000038700
52 32 0.000038700
52 33 0.000038700
52 34 0.000038700
52 35 0.000038700
52 36 0.000038700
52 37 0.000038700
52 38 0.000038700
52 39 0.000038700
52 40 0.000038700
52 41 0.000038700
52 42 0.000038700
52 43 0.000038700
52 44 0.000038700
52 45 0.000038700
52 46 0.000038700
52 47 0.000038700
52 48 0.000038700
52 49 0.000038700
52 50 0.000038700
52 51 0.000038700
52 53 0.000038700
52 54 0.000038700
52 55 0.000038700
52 56 0.000038700
52 57 0.000038700
52 58 0.000038700
52 59 0.000038700
52 60 0.000038700
52 61 0.000038700
52 62 0.000038700
52 63 0.000038700
53 0 0.000038700
53 1 0.000038700
53 2 0.000038700
53 3 0.000038700
53 4 0.000038700
53 5 0.000038700
53 6 0.000038700
53 7 0.000038700
53 8 0.000038700
53 9 0.000038700
53 10 0.000038700
53 11 0.000038700
53 12 0.000038700
53 13 0.000038700
53 14 0.000038700
53 15 0.000038700
53 16 0.000038700
53 17 0.000038700
53 18 0.000038700
53 19 0.000038700
53 20 0.000038700
53 21 0.000038700
53 22 0.000038700
53 23 0.000038700
53 24 0.000038700
53 25 0.000038700
53 26 0.000038700
53 27 0.000038700
53 28 0.000038700
53 29 0.000038700
53 30 0.000038700
53 31 0.000038700
53 32 0.000038700
53 33 0.000038700
53 34 0.000038700
53 35 0.000038700
53 36 0.000038700
53 37 0.000038700
53 38 0.000038700
53 39 0.000038700
53 40 0.000038700
53 41 0.000038700
53 42 0.000038700
53 43 0.000038700
53 44 0.000038700
53 45 0.000038700
53 46 0.000038700
53 47 0.000038700
53 48 0.000038700
53 49 0.000038700
53 50 0.000038700
53 51 0.000038700
53 52 0.000038700
53 54 0.000038700
53 55 0.000038700
53 56 0.000038700
53 57 0.000038700
53 58 0.000038700
53 59 0.000038700
53 60 0.000038700
53 61 0.000038700
53 62 0.000038700
53 63 0.000038700
54 0 0.000038700
54 1 0.000038700
54 2 0.000038700
54 3 0.000038700
54 4 0.000038700
54 5 0.000038700
54 6 0.000038700
54 7 0.000038700
54 8 0.000038700
54 9 0.000038700
54 10 0.000038700
54 11 0.000038700
54 12 0.000038700
54 13 0.000038700
54 14 0.000038700
54 15 0.000038700
54 16 0.000038700
54 17 0.000038700
54 18 0.000038700
54 19 0.000038700
54 20 0.000038700
54 21 0.000038700
54 22 0.000038700
54 23 0.000038700
54 24 0.000038700
54 25 0.000038700
54 26 0.000038700
54 27 0.000038700
54 28 0.000038700
54 29 0.000038700
54 30 0.000038700
54 31 0.000038700
54 32 0.000038700
54 33 0.000038700
54 34 0.000038700
54 35 0.000038700
54 36 0.000038700
54 37 0.000038700
54 38 0.000038700
54 39 0.000038700
54 40 0.000038700
54 41 0.000038700
54 42 0.000038700
54 43 0.000038700
54 44 0.000038700
54 45 0.000038700
54 46 0.000038700
54 47 0.000038700
54 48 0.000038700
54 49 0.000038700
54 50 0.000038700
54 51 0.000038700
54 52 0.000038700
54 53 0.000038700
54 55 0.000038700
54 56 0.000038700
54 57 0.000038700
54 58 0.000038700
54 59 0.000038700
54 60 0.000038700
54 61 0.000038700
54 62 0.000038700
54 63 0.000038700
55 0 0.000038700
55 1 0.000038700
55 2 0.000038700
55 3 0.000038700
55 4 0.000038700
55 5 0.000038700
55 6 0.000038700
55 7 0.000038700
55 8 0.000038700
55 9 0.000038700
55 10 0.000038700
55 11 0.000038700
55 12 0.000038700
55 13 0.000038700
55 14 0.000038700
55 15 0.000038700
55 16 0.000038700
55 17 0.000038700
55 18 0.000038700
55 19 0.000038700
55 20 0.000038700
55 21 0.000038700
55 22 0.000038700
55 23 0.000038700
55 24 0.000038700
55 25 0.000038700
55 26 0.000038700
55 27 0.000038700
55 28 0.000038700
55 29 0.000038700
55 30 0.000038700
55 31 0.000038700
55 32 0.000038700
55 33 0.000038700
55 34 0.000038700
55 35 0.000038700
55 36 0.000038700
55 37 0.000038700
55 38 0.000038700
55 39 0.000038700
55 40 0.000038700
55 41 0.000038700
55 42 0.000038700
55 43 0.000038700
55 44 0.000038700
55 45 0.000038700
55 46 0.000038700
55 47 0.000038700
55 48 0.000038700
55 49 0.000038700
55 50 0.000038700
55 51 0.000038700
55 52 0.000038700
55 53 0.000038700
55 54 0.000038700
55 56 0.000038700
55 57 0.000038700
55 58 0.000038700
55 59 0.000038700
55 60 0.000038700
55 61 0.000038700
55 62 0.000038700
55 63 0.000038700
56 0 0.000038700
56 1 0.000038700
56 2 0.000038700
56 3 0.000038700
56 4 0.000038700
56 5 0.000038700
56 6 0.000038700
56 7 0.000038700
56 8 0.000038700
56 9 0.000038700
56 10 0.000038700
56 11 0.000038700
56 12 0.000038700
56 13 0.000038700
56 14 0.000038700
56 15 0.000038700
56 16 0.000038700
56 17 0.000038700
56 18 0.000038700
56 19 0.000038700
56 20 0.000038700
56 21 0.000038700
56 22 0.000038700
56 23 0.000038700
56 24 0.000038700
56 25 0.000038700
56 26 0.000038700
56 27 0.000038700
56 28 0.000038700
56 29 0.000038700
56 30 0.000038700
56 31 0.000038700
56 32 0.000038700
56 33 0.000038700
56 34 0.000038700
56 35 0.000038700
56 36 0.000038700
56 37 0.000038700
56 38 0.000038700
56 39 0.000038700
56 40 0.000038700
56 41 0.000038700
56 42 0.000038700
56 43 0.000038700
56 44 0.000038700
56 45 0.000038700
56 46 0.000038700
56 47 0.000038700
56 48 0.000038700
56 49 0.000038700
56 50 0.000038700
56 51 0.000038700
56 52 0.000038700
56 53 0.000038700
56 54 0.000038700
56 55 0.000038700
56 57 0.000038700
56 58 0.000038700
56 59 0.000038700
56 60 0.000038700
56 61 0.000038700
56 62 0.000038700
56 63 0.000038700
57 0 0.000038700
57 1 0.000038700
57 2 0.000038700
57 3 0.000038700
57 4 0.000038700
57 5 0.000038700
57 6 0.000038700
57 7 0.000038700
57 8 0.000038700
57 9 0.000038700
57 10 0.000038700
57 11 0.000038700
57 12 0.000038700
57 13 0.000038700
57 14 0.000038700
57 15 0.000038700
57 16 0.000038700
57 17 0.000038700
57 18 0.000038700
57 19 0.000038700
57 20 0.000038700
57 21 0.000038700
57 22 0.000038700
57 23 0.000038700
57 24 0.000038700
57 25 0.000038700
57 26 0.000038700
57 27 0.000038700
57 28 0.000038700
57 29 0.000038700
57 30 0.000038700
57 31 0.000038700
57 32 0.000038700
57 33 0.000038700
57 34 0.000038700
57 35 0.000038700
57 36 0.000038700
57 37 0.000038700
57 38 0.000038700
57 39 0.000038700
57 40 0.000038700
57 41 0.000038700
57 42 0.000038700
57 43 0.000038700
57 44 0.000038700
57 45 0.000038700
57 46 0.000038700
57 47 0.000038700
57 48 0.000038700
57 49 0.000038700
57 50 0.000038700
57 51 0.000038700
57 52 0.000038700
57 53 0.000038700
57 54 0.000038700
57 55 0.000038700
57 56 0.000038700
57 58 0.000038700
57 59 0.000038700
57 60 0.000038700
57 61 0.000038700
57 62 0.000038700
57 63 0.000038700
58 0 0.000038700
58 1 0.000038700
58 2 0.000038700
58 3 0.000038700
58 4 0.000038700
58 5 0.000038700
58 6 0.000038700
58 7 0.000038700
58 8 0.000038700
58 9 0.000038700
58 10 0.000038700
58 11 0.000038700
58 12 0.000038700
58 13 0.000038700
58 14 0.000038700
58 15 0.000038700
58 16 0.000038700
58 17 0.000038700
58 18 0.000038700
58 19 0.000038700
58 20 0.000038700
58 21 0.000038700
58 22 0.000038700
58 23 0.000038700
58 24 0.000038700
58 25 0.000038700
58 26 0.000038700
58 27 0.000038700
58 28 0.000038700
58 29 0.000038700
58 30 0.000038700
58 31 0.000038700
58 32 0.000038700
58 33 0.000038700
58 34 0.000038700
58 35 0.000038700
58 36 0.000038700
58 37 0.000038700
58 38 0.000038700
58 39 0.000038700
58 40 0.000038700
58 41 0.000038700
58 42 0.000038700
58 43 0.000038700
58 44 0.000038700
58 45 0.000038700
58 46 0.000038700
58 47 0.000038700
58 48 0.000038700
58 49 0.000038700
58 50 0.000038700
58 51 0.000038700
58 52 0.000038700
58 53 0.000038700
58 54 0.000038700
58 55 0.000038700
58 56 0.000038700
58 57 0.000038700
58 59 0.000038700
58 60 0.000038700
58 61 0.000038700
58 62 0.000038700
58 63 0.000038700
59 0 0.000038700
59 1 0.000038700
59 2 0.000038700
59 3 0.000038700
59 4 0.000038700
59 5 0.000038700
59 6 0.000038700
59 7 0.000038700
59 8 0.000038700
59 9 0.000038700
59 10 0.000038700
59 11 0.000038700
59 12 0.000038700
59 13 0.000038700
59 14 0.000038700
59 15 0.000038700
59 16 0.000038700
59 17 0.000038700
59 18 0.000038700
59 19 0.000038700
59 20 0.000038700
59 21 0.000038700
59 22 0.000038700
59 23 0.000038700
59 24 0.000038700
59 25 0.000038700
59 26 0.000038700
59 27 0.000038700
59 28 0.000038700
59 29 0.000038700
59 30 0.000038700
59 31 0.000038700
59 32 0.000038700
59 33 0.000038700
59 34 0.000038700
59 35 0.000038700
59 36 0.000038700
59 37 0.000038700
59 38 0.000038700
59 39 0.000038700
59 40 0.000038700
59 41 0.000038700
59 42 0.000038700
59 43 0.000038700
59 44 0.000038700
59 45 0.000038700
59 46 0.000038700
59 47 0.000038700
59 48 0.000038700
59 49 0.000038700
59 50 0.000038700
59 51 0.000038700
59 52 0.000038700
59 53 0.000038700
59 54 0.000038700
59 55 0.000038700
59 56 0.000038700
59 57 0.000038700
59 58 0.000038700
59 60 0.000038700
59 61 0.000038700
59 62 0.000038700
59 63 0.000038700
60 0 0.000038700
60 1 0.000038700
60 2 0.000038700
60 3 0.000038700
60 4 0.000038700
60 5 0.000038700
60 6 0.000038700
60 7 0.000038700
60 8 0.000038700
60 9 0.000038700
60 10 0.000038700
60 11 0.000038700
60 12 0.000038700
60 13 0.000038700
60 14 0.000038700
60 15 0.000038700
60 16 0.000038700
60 17 0.000038700
60 18 0.000038700
60 19 0.000038700
60 20 0.000038700
60 21 0.000038700
60 22 0.000038700
60 23 0.000038700
60 24 0.000038700
60 25 0.000038700
60 26 0.000038700
60 27 0.000038700
60 28 0.000038700
60 29 0.000038700
60 30 0.000038700
60 31 0.000038700
60 32 0.000038700
60 33 0.000038700
60 34 0.000038700
60 35 0.000038700
60 36 0.000038700
60 37 0.000038700
60 38 0.000038700
60 39 0.000038700
60 40 0.000038700
60 41 0.000038700
60 42 0.000038700
60 43 0.000038700
60 44 0.000038700
60 45 0.000038700
60 46 0.000038700
60 47 0.000038700
60 48 0.000038700
60 49 0.000038700
60 50 0.000038700
60 51 0.000038700
60 52 0.000038700
60 53 0.000038700
60 54 0.000038700
60 55 0.000038700
60 56 0.000038700
60 57 0.000038700
60 58 0.000038700
60 59 0.000038700
60 61 0.000038700
60 62 0.000038700
60 63 0.000038700
61 0 0.000038700
61 1 0.000038700
61 2 0.000038700
61 3 0.000038700
61 4 0.000038700
61 5 0.000038700
61 6 0.000038700
61 7 0.000038700
61 8 0.000038700
61 9 0.000038700
61 10 0.000038700
61 11 0.000038700
61 12 0.000038700
61 13 0.000038700
61 14 0.000038700
61 15 0.000038700
61 16 0.000038700
61 17 0.000038700
61 18 0.000038700
61 19 0.000038700
61 20 0.000038700
61 21 0.000038700
61 22 0.000038700
61 23 0.000038700
61 24 0.000038700
61 25 0.000038700
61 26 0.000038700
61 27 0.000038700
61 28 0.000038700
61 29 0.000038700
61 30 0.000038700
61 31 0.000038700
61 32 0.000038700
61 33 0.000038700
61 34 0.000038700
61 35 0.000038700
61 36 0.000038700
61 37 0.000038700
61 38 0.000038700
61 39 0.000038700
61 40 0.000038700
61 41 0.000038700
61 42 0.000038700
61 43 0.000038700
61 44 0.000038700
61 45 0.000038700
61 46 0.000038700
61 47 0.000038700
61 48 0.000038700
61 49 0.000038700
61 50 0.000038700
61 51 0.000038700
61 52 0.000038700
61 53 0.000038700
61 54 0.000038700
61 55 0.000038700
61 56 0.000038700
61 57 0.000038700
61 58 0.000038700
61 59 0.000038700
61 60 0.000038700
61 62 0.000038700
61 63 0.000038700
62 0 0.000038700
62 1 0.000038700
62 2 0.000038700
62 3 0.000038700
62 4 0.000038700
62 5 0.000038700
62 6 0.000038700
62 7 0.000038700
62 8 0.000038700
62 9 0.000038700
62 10 0.000038700
62 11 0.000038700
62 12 0.000038700
62 13 0.000038700
62 14 0.000038700
62 15 0.000038700
62 16 0.000038700
62 17 0.000038700
62 18 0.000038700
62 19 0.000038700
62 20 0.000038700
62 21 0.000038700
62 22 0.000038700
62 23 0.000038700
62 24 0.000038700
62 25 0.000038700
62 26 0.000038700
62 27 0.000038700
62 28 0.000038700
62 29 0.000038700
62 30 0.000038700
62 31 0.000038700
62 32 0.000038700
62 33 0.000038700
62 34 0.000038700
62 35 0.000038700
62 36 0.000038700
62 37 0.000038700
62 38 0.000038700
62 39 0.000038700
62 40 0.000038700
62 41 0.000038700
62 42 0.000038700
62 43 0.000038700
62 44 0.000038700
62 45 0.000038700
62 46 0.000038700
62 47 0.000038700
62 48 0.000038700
62 49 0.000038700
62 50 0.000038700
62 51 0.000038700
62 52 0.000038700
62 53 0.000038700
62 54 0.000038700
62 55 0.000038700
62 56 0.000038700
62 57 0.000038700
62 58 0.000038700
62 59 0.000038700
62 60 0.000038700
62 61 0.000038700
62 63 0.000038700
63 0 0.000038700
63 1 0.000038700
63 2 0.000038700
63 3 0.000038700
63 4 0.000038700
63 5 0.000038700
63 6 0.000038700
63 7 0.000038700
63 8 0.000038700
63 9 0.000038700
63 10 0.000038700
63 11 0.000038700
63 12 0.000038700
63 13 0.000038700
63 14 0.000038700
63 15 0.000038700
63 16 0.000038700
63 17 0.000038700
63 18 0.000038700
63 19 0.000038700
63 20 0.000038700
63 21 0.000038700
63 22 0.000038700
63 23 0.000038700
63 24 0.000038700
63 25 0.000038700
63 26 0.000038700
63 27 0.000038700
63 28 0.000038700
63 29 0.000038700
63 30 0.000038700
63 31 0.000038700
63 32 0.000038700
63 33 0.000038700
63 34 0.000038700
63 35 0.000038700
63 36 0.000038700
63 37 0.000038700
63 38 0.000038700
63 39 0.000038700
63 40 0.000038700
63 41 0.000038700
63 42 0.000038700
63 43 0.000038700
63 44 0.000038700
63 45 0.000038700
63 46 0.000038700
63 47 0.000038700
63 48 0.000038700
63 49 0.000038700
63 50 0.000038700
63 51 0.000038700
63 52 0.000038700
63 53 0.000038700
63 54 0.000038700
63 55 0.000038700
63 56 0.000038700
63 57 0.000038700
63 58 0.000038700
63 59 0.000038700
63 60 0.000038700
63 61 0.000038700
63 62 0.000038700
