% Source Destination PIR
0 1 0.000793651
0 2 0.000793651
0 3 0.000793651
0 4 0.000793651
0 5 0.000793651
0 6 0.000793651
0 7 0.000793651
0 8 0.000793651
0 9 0.000793651
0 10 0.000793651
0 11 0.000793651
0 12 0.000793651
0 13 0.000793651
0 14 0.000793651
0 15 0.000793651
0 16 0.000793651
0 17 0.000793651
0 18 0.000793651
0 19 0.000793651
0 20 0.000793651
0 21 0.000793651
0 22 0.000793651
0 23 0.000793651
0 24 0.000793651
0 25 0.000793651
0 26 0.000793651
0 27 0.000793651
0 28 0.000793651
0 29 0.000793651
0 30 0.000793651
0 31 0.000793651
0 32 0.000793651
0 33 0.000793651
0 34 0.000793651
0 35 0.000793651
0 36 0.000793651
0 37 0.000793651
0 38 0.000793651
0 39 0.000793651
0 40 0.000793651
0 41 0.000793651
0 42 0.000793651
0 43 0.000793651
0 44 0.000793651
0 45 0.000793651
0 46 0.000793651
0 47 0.000793651
0 48 0.000793651
0 49 0.000793651
0 50 0.000793651
0 51 0.000793651
0 52 0.000793651
0 53 0.000793651
0 54 0.000793651
0 55 0.000793651
0 56 0.000793651
0 57 0.000793651
0 58 0.000793651
0 59 0.000793651
0 60 0.000793651
0 61 0.000793651
0 62 0.000793651
0 63 0.000793651
32 0 0.000793651
32 1 0.000793651
32 2 0.000793651
32 3 0.000793651
32 4 0.000793651
32 5 0.000793651
32 6 0.000793651
32 7 0.000793651
32 8 0.000793651
32 9 0.000793651
32 10 0.000793651
32 11 0.000793651
32 12 0.000793651
32 13 0.000793651
32 14 0.000793651
32 15 0.000793651
32 16 0.000793651
32 17 0.000793651
32 18 0.000793651
32 19 0.000793651
32 20 0.000793651
32 21 0.000793651
32 22 0.000793651
32 23 0.000793651
32 24 0.000793651
32 25 0.000793651
32 26 0.000793651
32 27 0.000793651
32 28 0.000793651
32 29 0.000793651
32 30 0.000793651
32 31 0.000793651
32 33 0.000793651
32 34 0.000793651
32 35 0.000793651
32 36 0.000793651
32 37 0.000793651
32 38 0.000793651
32 39 0.000793651
32 40 0.000793651
32 41 0.000793651
32 42 0.000793651
32 43 0.000793651
32 44 0.000793651
32 45 0.000793651
32 46 0.000793651
32 47 0.000793651
32 48 0.000793651
32 49 0.000793651
32 50 0.000793651
32 51 0.000793651
32 52 0.000793651
32 53 0.000793651
32 54 0.000793651
32 55 0.000793651
32 56 0.000793651
32 57 0.000793651
32 58 0.000793651
32 59 0.000793651
32 60 0.000793651
32 61 0.000793651
32 62 0.000793651
32 63 0.000793651
